100
0 1 24.285
0 2 1.488
0 3 3.976
0 4 40.088
0 5 98.55
0 6 28.507
0 7 58.852
0 8 41.413
0 9 63.11
0 10 66.167
0 11 46.993
0 12 37.668
0 13 66.898
0 14 2.513
0 15 14.081
0 16 0.795
0 17 81.082
0 18 95.231
0 19 11.578
0 20 24.722
0 21 60.96
0 22 29.67
0 23 72.076
0 24 5.311
0 25 96.568
0 26 57.734
0 27 11.404
0 28 52.275
0 29 36.913
0 30 12.733
0 31 37.229
0 32 13.898
0 33 34.692
0 34 75.74
0 35 2.555
0 36 84.522
0 37 65.32
0 38 79.151
0 39 5.042
0 40 68.465
0 41 32.527
0 42 66.334
0 43 47.178
0 44 54.988
0 45 9.394
0 46 57.322
0 47 39.092
0 48 17.778
0 49 58.687
0 50 53.262
0 51 53.38
0 52 68.498
0 53 81.097
0 54 39.137
0 55 89.141
0 56 85.725
0 57 71.51
0 58 96.023
0 59 44.308
0 60 59.89
0 61 74.658
0 62 65.126
0 63 24.514
0 64 16.269
0 65 7.846
0 66 11.501
0 67 73.031
0 68 29.049
0 69 1.884
0 70 16.356
0 71 87.817
0 72 40.586
0 73 13.846
0 74 52.298
0 75 44.713
0 76 65.372
0 77 91.561
0 78 98.278
0 79 5.168
0 80 92.328
0 81 46.374
0 82 79.978
0 83 4.239
0 84 16.245
0 85 18.356
0 86 73.95
0 87 32.516
0 88 8.382
0 89 76.242
0 90 17.298
0 91 72.425
0 92 54.958
0 93 36.311
0 94 4.258
0 95 37.292
0 96 23.374
0 97 56.623
0 98 80.252
0 99 66.637
1 2 82.287
1 3 37.407
1 4 30.216
1 5 32.422
1 6 42.928
1 7 69.842
1 8 11.21
1 9 80.604
1 10 22.705
1 11 0.036
1 12 5.194
1 13 32.224
1 14 81.897
1 15 67.659
1 16 23.048
1 17 10.835
1 18 52.911
1 19 63.077
1 20 89.606
1 21 60.946
1 22 22.609
1 23 20.318
1 24 21.224
1 25 64.3
1 26 17.671
1 27 65.518
1 28 97.004
1 29 58.566
1 30 50.785
1 31 18.767
1 32 1.898
1 33 14.807
1 34 80.182
1 35 56.434
1 36 51.387
1 37 72.878
1 38 27.176
1 39 79.132
1 40 36.752
1 41 30.024
1 42 45.33
1 43 47.409
1 44 16.957
1 45 68.306
1 46 13.546
1 47 87.507
1 48 96.795
1 49 87.959
1 50 94.191
1 51 42.335
1 52 96.784
1 53 99.81
1 54 26.387
1 55 50.819
1 56 56.292
1 57 89.822
1 58 12.983
1 59 79.429
1 60 14.397
1 61 65.041
1 62 27.407
1 63 39.961
1 64 97.769
1 65 39.531
1 66 58.797
1 67 57.323
1 68 82.103
1 69 23.109
1 70 92.482
1 71 59.719
1 72 12.389
1 73 70.671
1 74 78.657
1 75 11.62
1 76 8.555
1 77 95.956
1 78 27.011
1 79 24.79
1 80 65.131
1 81 13.528
1 82 81.145
1 83 24.611
1 84 72.192
1 85 89.801
1 86 92.858
1 87 54.464
1 88 45.918
1 89 40.088
1 90 43.484
1 91 79.751
1 92 36.973
1 93 50.132
1 94 67.498
1 95 71.534
1 96 43.464
1 97 14.699
1 98 61.434
1 99 46.087
2 3 47.567
2 4 17.304
2 5 87.225
2 6 31.319
2 7 88.507
2 8 84.935
2 9 5.045
2 10 81.257
2 11 30.534
2 12 75.436
2 13 54.069
2 14 30.553
2 15 15.886
2 16 52.961
2 17 73.719
2 18 38.117
2 19 70.171
2 20 63.556
2 21 79.2
2 22 93.949
2 23 70.243
2 24 14.809
2 25 68.687
2 26 58.222
2 27 27.93
2 28 92.064
2 29 11.379
2 30 4.043
2 31 18.191
2 32 12.084
2 33 29.66
2 34 74.609
2 35 54.573
2 36 55.036
2 37 80.991
2 38 31.724
2 39 13.513
2 40 45.736
2 41 21.92
2 42 49.296
2 43 65.592
2 44 64.261
2 45 73.99
2 46 2.069
2 47 16.454
2 48 62.078
2 49 98.728
2 50 66.091
2 51 33.868
2 52 94.289
2 53 47.779
2 54 67.219
2 55 55.836
2 56 81.249
2 57 97.008
2 58 45.702
2 59 17.399
2 60 93.124
2 61 64.862
2 62 96.523
2 63 56.629
2 64 33.974
2 65 97.449
2 66 3.262
2 67 74.567
2 68 14.148
2 69 18.802
2 70 92.934
2 71 6.815
2 72 23.366
2 73 62.037
2 74 62.832
2 75 22.698
2 76 69.386
2 77 60.542
2 78 9.034
2 79 98.804
2 80 29.698
2 81 5.382
2 82 46.864
2 83 28.406
2 84 44.744
2 85 69.072
2 86 81.17
2 87 51.316
2 88 52.266
2 89 67.665
2 90 31.664
2 91 75.257
2 92 26.566
2 93 46.807
2 94 39.1
2 95 53.078
2 96 63.55
2 97 90.925
2 98 54.397
2 99 92.365
3 4 55.835
3 5 80.753
3 6 45.242
3 7 79.685
3 8 61.983
3 9 44.108
3 10 83.299
3 11 36.736
3 12 67.606
3 13 31.645
3 14 36.783
3 15 8.704
3 16 4.378
3 17 96.841
3 18 64.921
3 19 7.08
3 20 39.122
3 21 67.166
3 22 43.317
3 23 54.848
3 24 3.849
3 25 44.142
3 26 47.281
3 27 12.501
3 28 54.268
3 29 3.238
3 30 5.93
3 31 87.117
3 32 58.875
3 33 38.548
3 34 55.018
3 35 85.94
3 36 53.27
3 37 78.498
3 38 2.474
3 39 3.583
3 40 25.397
3 41 72.83
3 42 24.132
3 43 35.457
3 44 39.88
3 45 89.585
3 46 28.818
3 47 1.288
3 48 58.548
3 49 18.067
3 50 69.112
3 51 20.852
3 52 37.708
3 53 45.808
3 54 87.887
3 55 12.395
3 56 82.412
3 57 81.623
3 58 42.591
3 59 84.396
3 60 47.418
3 61 49.757
3 62 59.402
3 63 48.161
3 64 61.915
3 65 77.1
3 66 0.638
3 67 71.444
3 68 16.177
3 69 63.574
3 70 33.18
3 71 21.37
3 72 78.305
3 73 45.891
3 74 63.218
3 75 72.428
3 76 40.811
3 77 23.065
3 78 22.396
3 79 44.907
3 80 0.058
3 81 25.179
3 82 83.187
3 83 36.691
3 84 39.286
3 85 44.945
3 86 90.101
3 87 10.444
3 88 73.083
3 89 18.978
3 90 29.033
3 91 39.569
3 92 40.156
3 93 51.492
3 94 16.276
3 95 38.645
3 96 3.613
3 97 80.094
3 98 46.161
3 99 63.638
4 5 57.98
4 6 35.537
4 7 31.057
4 8 63.938
4 9 8.989
4 10 58.809
4 11 3.75
4 12 77.921
4 13 74.039
4 14 32.254
4 15 12.436
4 16 30.311
4 17 8.443
4 18 30.134
4 19 89.669
4 20 31.009
4 21 15.022
4 22 63.212
4 23 69.431
4 24 80.644
4 25 67.937
4 26 58.289
4 27 57.005
4 28 82.125
4 29 43.833
4 30 64.398
4 31 86.383
4 32 9.029
4 33 32.713
4 34 0.909
4 35 84.987
4 36 73.337
4 37 65.475
4 38 23.622
4 39 70.179
4 40 86.817
4 41 34.279
4 42 86.716
4 43 69.856
4 44 56.372
4 45 57.441
4 46 68.96
4 47 27.042
4 48 0.962
4 49 40.484
4 50 8.327
4 51 60.532
4 52 12.475
4 53 22.004
4 54 23.555
4 55 10.881
4 56 20.566
4 57 90.854
4 58 23.431
4 59 75.764
4 60 43.626
4 61 17.543
4 62 12.156
4 63 42.035
4 64 37.206
4 65 96.196
4 66 56.122
4 67 42.675
4 68 13.206
4 69 84.824
4 70 90.338
4 71 64.443
4 72 98.454
4 73 81.965
4 74 39.517
4 75 22.064
4 76 28.833
4 77 5.698
4 78 14.122
4 79 65.253
4 80 64.585
4 81 78.437
4 82 1.133
4 83 28.245
4 84 85.763
4 85 5.525
4 86 54.679
4 87 14.978
4 88 71.173
4 89 88.236
4 90 32.864
4 91 82.421
4 92 94.187
4 93 41.765
4 94 45.473
4 95 94.766
4 96 25.844
4 97 66.232
4 98 51.492
4 99 97.592
5 6 51.363
5 7 31.329
5 8 72.349
5 9 10.932
5 10 24.955
5 11 92.335
5 12 49.283
5 13 59.474
5 14 48.179
5 15 64.161
5 16 99.533
5 17 57.059
5 18 0.381
5 19 82.122
5 20 91.086
5 21 64.037
5 22 44.726
5 23 81.672
5 24 24.056
5 25 28.743
5 26 77.73
5 27 4.835
5 28 25.176
5 29 8.234
5 30 29.487
5 31 87.576
5 32 23.933
5 33 50.48
5 34 62.562
5 35 39.909
5 36 1.06
5 37 43.921
5 38 90.821
5 39 97.66
5 40 9.368
5 41 61.408
5 42 1.206
5 43 0.286
5 44 84.895
5 45 16.644
5 46 21.957
5 47 71.714
5 48 95.813
5 49 27.573
5 50 22.239
5 51 26.709
5 52 8.999
5 53 78.246
5 54 41.798
5 55 77.334
5 56 68.482
5 57 9.263
5 58 10.848
5 59 7.668
5 60 7.002
5 61 83.503
5 62 19.17
5 63 15.477
5 64 53.607
5 65 63.173
5 66 49.577
5 67 80.05
5 68 84.343
5 69 80.661
5 70 16.165
5 71 27.673
5 72 45.399
5 73 44.401
5 74 22.785
5 75 29.579
5 76 58.416
5 77 57.247
5 78 41.36
5 79 24.75
5 80 7.313
5 81 81.343
5 82 41.588
5 83 95.088
5 84 82.728
5 85 81.683
5 86 24.313
5 87 76.757
5 88 18.654
5 89 52.681
5 90 43.938
5 91 71.201
5 92 41.812
5 93 90.082
5 94 99.083
5 95 67.191
5 96 36.207
5 97 14.847
5 98 53.691
5 99 47.573
6 7 30.511
6 8 81.759
6 9 38.449
6 10 99.154
6 11 95.538
6 12 46.398
6 13 31.548
6 14 80.14
6 15 80.596
6 16 10.71
6 17 30.893
6 18 89.867
6 19 72.7
6 20 49.734
6 21 5.4
6 22 60.743
6 23 41.261
6 24 48.473
6 25 19.356
6 26 32.532
6 27 5.333
6 28 2.122
6 29 28.103
6 30 54.909
6 31 56.593
6 32 87.392
6 33 97.607
6 34 46.997
6 35 17.344
6 36 62.142
6 37 6.542
6 38 75.371
6 39 63.691
6 40 44.841
6 41 99.606
6 42 17.24
6 43 79.868
6 44 42.112
6 45 58.086
6 46 77.511
6 47 4.2
6 48 7.944
6 49 92.631
6 50 57.207
6 51 3.797
6 52 93.106
6 53 23.521
6 54 13.36
6 55 81.858
6 56 53.92
6 57 51.755
6 58 84.563
6 59 58.658
6 60 81.108
6 61 58.546
6 62 76.056
6 63 81.637
6 64 75.184
6 65 72.799
6 66 59.438
6 67 18.636
6 68 16.512
6 69 20.546
6 70 56.578
6 71 66.548
6 72 5.624
6 73 24.344
6 74 85.127
6 75 85.553
6 76 75.142
6 77 74.942
6 78 1.636
6 79 73.508
6 80 11.002
6 81 66.771
6 82 70.722
6 83 41.063
6 84 30.495
6 85 5.089
6 86 63.035
6 87 86.787
6 88 71.969
6 89 95.901
6 90 22.937
6 91 2.768
6 92 75.264
6 93 83.426
6 94 97.028
6 95 20.028
6 96 21.557
6 97 51.568
6 98 23.916
6 99 67.577
7 8 4.749
7 9 51.548
7 10 71.756
7 11 26.571
7 12 33.038
7 13 0.498
7 14 84.289
7 15 42.118
7 16 98.198
7 17 68.089
7 18 3.019
7 19 40.782
7 20 97.936
7 21 38.932
7 22 55.574
7 23 0.047
7 24 49.366
7 25 3.558
7 26 39.706
7 27 71.35
7 28 60.655
7 29 57.973
7 30 85.472
7 31 75.102
7 32 1.205
7 33 21.598
7 34 91.528
7 35 98.258
7 36 22.626
7 37 91.215
7 38 9.333
7 39 30.325
7 40 46.164
7 41 26.389
7 42 80.577
7 43 87.707
7 44 49.856
7 45 82.426
7 46 43.724
7 47 74.647
7 48 72.516
7 49 87.281
7 50 81.672
7 51 28.882
7 52 78.949
7 53 99.47
7 54 12.589
7 55 33.771
7 56 41.229
7 57 46.885
7 58 41.212
7 59 6.688
7 60 43.108
7 61 56.013
7 62 46.532
7 63 95.529
7 64 63.738
7 65 87.486
7 66 88.419
7 67 61.981
7 68 28.144
7 69 76.896
7 70 85.87
7 71 0.296
7 72 90.472
7 73 65.34
7 74 84.64
7 75 77.301
7 76 16.219
7 77 72.041
7 78 77.039
7 79 36.031
7 80 50.629
7 81 97.644
7 82 19.444
7 83 79.424
7 84 34.941
7 85 31.61
7 86 68.671
7 87 77.049
7 88 79.942
7 89 89.186
7 90 18.075
7 91 48.803
7 92 58.739
7 93 94.182
7 94 60.001
7 95 66.07
7 96 11.796
7 97 69.348
7 98 72.432
7 99 30.842
8 9 83.89
8 10 2.661
8 11 26.16
8 12 4.33
8 13 71.811
8 14 14.719
8 15 13.394
8 16 23.989
8 17 48.197
8 18 17.361
8 19 77.236
8 20 9.974
8 21 45.7
8 22 84.467
8 23 92.108
8 24 56.874
8 25 42.726
8 26 81.907
8 27 87.326
8 28 96.134
8 29 52.818
8 30 49.084
8 31 88.802
8 32 71.027
8 33 9.672
8 34 15.418
8 35 0.696
8 36 89.403
8 37 41.941
8 38 60.361
8 39 13.414
8 40 35.485
8 41 39.664
8 42 63.49
8 43 99.581
8 44 1.246
8 45 97.773
8 46 8.469
8 47 13.917
8 48 85.398
8 49 32.848
8 50 89.757
8 51 45.507
8 52 1.504
8 53 50.757
8 54 9.467
8 55 45.305
8 56 81.39
8 57 7.359
8 58 74.306
8 59 18.694
8 60 12.927
8 61 32.683
8 62 36.336
8 63 21.487
8 64 76.85
8 65 43.461
8 66 37.811
8 67 49.668
8 68 13.505
8 69 80.763
8 70 23.466
8 71 88.565
8 72 32.579
8 73 73.314
8 74 8.299
8 75 5.578
8 76 41.54
8 77 63.112
8 78 98.861
8 79 69.318
8 80 19.226
8 81 62.13
8 82 79.868
8 83 22.139
8 84 60.229
8 85 84.241
8 86 20.224
8 87 6.583
8 88 84.856
8 89 38.521
8 90 62.519
8 91 11.785
8 92 85.955
8 93 69.347
8 94 40.127
8 95 22.754
8 96 62.229
8 97 97.41
8 98 21.8
8 99 77.078
9 10 19.659
9 11 35.024
9 12 46.108
9 13 76.033
9 14 46.363
9 15 74.602
9 16 29.984
9 17 32.339
9 18 42.512
9 19 54.249
9 20 55.407
9 21 94.138
9 22 82.963
9 23 51.121
9 24 46.211
9 25 41.296
9 26 78.0
9 27 71.474
9 28 72.244
9 29 35.589
9 30 92.876
9 31 58.082
9 32 29.381
9 33 91.466
9 34 92.828
9 35 15.498
9 36 53.719
9 37 92.91
9 38 25.314
9 39 94.513
9 40 33.981
9 41 17.319
9 42 85.718
9 43 38.355
9 44 94.674
9 45 39.201
9 46 32.662
9 47 37.619
9 48 2.385
9 49 98.197
9 50 45.556
9 51 80.757
9 52 59.43
9 53 67.57
9 54 60.489
9 55 87.907
9 56 77.019
9 57 58.532
9 58 16.467
9 59 13.673
9 60 67.221
9 61 10.237
9 62 55.572
9 63 88.424
9 64 80.127
9 65 63.475
9 66 15.556
9 67 94.652
9 68 90.172
9 69 97.962
9 70 85.473
9 71 4.725
9 72 37.861
9 73 60.649
9 74 28.546
9 75 11.458
9 76 83.184
9 77 10.009
9 78 87.298
9 79 37.286
9 80 61.384
9 81 49.694
9 82 92.124
9 83 18.896
9 84 59.209
9 85 58.473
9 86 84.648
9 87 17.768
9 88 66.705
9 89 49.956
9 90 29.946
9 91 70.473
9 92 33.665
9 93 3.612
9 94 50.773
9 95 29.274
9 96 64.776
9 97 10.037
9 98 48.37
9 99 34.728
10 11 83.221
10 12 47.856
10 13 74.169
10 14 24.577
10 15 80.816
10 16 4.171
10 17 68.274
10 18 68.041
10 19 33.442
10 20 39.117
10 21 36.224
10 22 94.693
10 23 29.589
10 24 43.287
10 25 83.226
10 26 46.0
10 27 35.432
10 28 99.863
10 29 10.339
10 30 43.09
10 31 60.895
10 32 57.214
10 33 21.273
10 34 88.392
10 35 69.239
10 36 86.301
10 37 85.13
10 38 86.132
10 39 62.079
10 40 23.337
10 41 18.547
10 42 30.392
10 43 13.063
10 44 8.14
10 45 53.827
10 46 90.764
10 47 97.804
10 48 3.716
10 49 39.223
10 50 47.251
10 51 88.433
10 52 10.808
10 53 2.429
10 54 11.944
10 55 43.015
10 56 38.29
10 57 93.778
10 58 57.376
10 59 45.841
10 60 87.852
10 61 58.293
10 62 15.147
10 63 12.737
10 64 45.163
10 65 50.431
10 66 5.429
10 67 75.841
10 68 97.517
10 69 44.969
10 70 89.714
10 71 44.162
10 72 27.635
10 73 99.15
10 74 65.408
10 75 45.266
10 76 7.608
10 77 15.44
10 78 12.58
10 79 53.35
10 80 10.827
10 81 32.785
10 82 71.114
10 83 26.957
10 84 37.15
10 85 81.398
10 86 88.875
10 87 25.374
10 88 22.567
10 89 84.375
10 90 87.439
10 91 87.239
10 92 99.898
10 93 10.15
10 94 35.56
10 95 90.861
10 96 19.457
10 97 32.021
10 98 8.418
10 99 3.652
11 12 83.356
11 13 91.6
11 14 82.031
11 15 19.799
11 16 50.596
11 17 67.672
11 18 35.32
11 19 33.533
11 20 53.616
11 21 89.949
11 22 5.974
11 23 90.306
11 24 12.867
11 25 94.174
11 26 59.271
11 27 89.776
11 28 87.034
11 29 2.629
11 30 15.548
11 31 48.463
11 32 50.583
11 33 7.895
11 34 86.104
11 35 81.312
11 36 60.532
11 37 15.232
11 38 52.903
11 39 46.46
11 40 10.219
11 41 38.165
11 42 85.892
11 43 4.901
11 44 21.304
11 45 25.325
11 46 16.564
11 47 37.425
11 48 5.031
11 49 71.619
11 50 0.434
11 51 71.515
11 52 6.513
11 53 94.376
11 54 93.371
11 55 28.547
11 56 56.213
11 57 20.808
11 58 45.847
11 59 93.004
11 60 8.722
11 61 69.276
11 62 86.076
11 63 31.758
11 64 25.332
11 65 68.705
11 66 46.557
11 67 78.769
11 68 0.051
11 69 93.349
11 70 34.244
11 71 72.841
11 72 56.608
11 73 59.491
11 74 5.467
11 75 89.836
11 76 36.463
11 77 67.962
11 78 41.276
11 79 95.734
11 80 20.987
11 81 39.214
11 82 9.309
11 83 83.021
11 84 38.34
11 85 81.394
11 86 74.434
11 87 83.818
11 88 13.925
11 89 86.936
11 90 55.409
11 91 42.569
11 92 94.325
11 93 8.202
11 94 0.159
11 95 19.579
11 96 86.667
11 97 90.918
11 98 2.712
11 99 45.684
12 13 7.824
12 14 15.231
12 15 10.734
12 16 80.573
12 17 24.974
12 18 4.637
12 19 57.631
12 20 28.088
12 21 60.226
12 22 44.49
12 23 66.826
12 24 19.451
12 25 72.265
12 26 50.003
12 27 58.274
12 28 73.783
12 29 49.804
12 30 82.545
12 31 74.476
12 32 1.623
12 33 1.538
12 34 48.297
12 35 89.734
12 36 15.787
12 37 37.879
12 38 6.875
12 39 4.909
12 40 55.588
12 41 73.183
12 42 44.271
12 43 69.858
12 44 61.448
12 45 58.692
12 46 98.327
12 47 23.278
12 48 32.469
12 49 13.747
12 50 33.419
12 51 5.907
12 52 69.998
12 53 62.612
12 54 4.9
12 55 36.068
12 56 67.443
12 57 48.772
12 58 18.224
12 59 94.885
12 60 1.55
12 61 44.78
12 62 74.828
12 63 48.39
12 64 59.209
12 65 86.018
12 66 1.021
12 67 69.391
12 68 81.258
12 69 9.382
12 70 25.144
12 71 88.99
12 72 58.998
12 73 94.085
12 74 10.946
12 75 67.991
12 76 20.415
12 77 73.009
12 78 96.576
12 79 24.988
12 80 45.584
12 81 37.073
12 82 11.435
12 83 58.841
12 84 79.974
12 85 18.931
12 86 82.057
12 87 64.469
12 88 56.501
12 89 37.296
12 90 62.868
12 91 0.469
12 92 64.368
12 93 58.381
12 94 43.839
12 95 6.477
12 96 2.874
12 97 62.277
12 98 23.438
12 99 71.278
13 14 84.688
13 15 13.983
13 16 17.021
13 17 94.95
13 18 79.864
13 19 98.904
13 20 56.417
13 21 84.034
13 22 47.288
13 23 42.192
13 24 28.272
13 25 76.858
13 26 99.193
13 27 6.558
13 28 15.279
13 29 12.473
13 30 77.303
13 31 28.867
13 32 8.712
13 33 70.508
13 34 64.125
13 35 90.024
13 36 5.008
13 37 75.882
13 38 72.869
13 39 70.871
13 40 28.962
13 41 48.702
13 42 32.596
13 43 29.122
13 44 38.989
13 45 79.692
13 46 76.066
13 47 37.216
13 48 79.062
13 49 27.886
13 50 29.821
13 51 52.015
13 52 46.16
13 53 81.57
13 54 3.74
13 55 88.759
13 56 61.413
13 57 17.557
13 58 79.187
13 59 87.88
13 60 72.99
13 61 31.166
13 62 88.703
13 63 11.21
13 64 96.231
13 65 34.376
13 66 73.771
13 67 23.12
13 68 8.334
13 69 89.488
13 70 67.603
13 71 68.583
13 72 62.151
13 73 67.021
13 74 88.508
13 75 71.86
13 76 68.823
13 77 49.346
13 78 46.815
13 79 41.815
13 80 54.278
13 81 10.716
13 82 23.765
13 83 17.234
13 84 98.01
13 85 57.432
13 86 61.009
13 87 59.519
13 88 2.589
13 89 65.381
13 90 74.606
13 91 64.068
13 92 62.192
13 93 51.318
13 94 17.641
13 95 98.639
13 96 98.281
13 97 65.371
13 98 4.269
13 99 49.975
14 15 36.562
14 16 40.777
14 17 18.33
14 18 21.014
14 19 43.113
14 20 57.876
14 21 67.995
14 22 5.854
14 23 74.161
14 24 6.43
14 25 84.914
14 26 18.648
14 27 5.571
14 28 73.906
14 29 50.369
14 30 35.239
14 31 95.545
14 32 17.315
14 33 27.812
14 34 46.963
14 35 24.771
14 36 53.272
14 37 17.207
14 38 68.244
14 39 21.052
14 40 66.376
14 41 19.848
14 42 32.224
14 43 2.72
14 44 51.475
14 45 20.496
14 46 28.909
14 47 71.812
14 48 95.783
14 49 62.589
14 50 95.364
14 51 13.039
14 52 82.329
14 53 29.508
14 54 67.437
14 55 86.04
14 56 50.647
14 57 24.493
14 58 77.167
14 59 14.445
14 60 54.228
14 61 74.813
14 62 49.352
14 63 67.106
14 64 62.699
14 65 3.745
14 66 50.127
14 67 25.123
14 68 25.098
14 69 90.233
14 70 48.4
14 71 85.313
14 72 11.866
14 73 60.727
14 74 93.145
14 75 95.259
14 76 83.279
14 77 18.247
14 78 83.616
14 79 30.692
14 80 18.054
14 81 21.343
14 82 21.318
14 83 93.553
14 84 38.734
14 85 56.522
14 86 93.98
14 87 92.374
14 88 54.149
14 89 19.611
14 90 65.032
14 91 3.767
14 92 56.497
14 93 70.177
14 94 25.899
14 95 15.433
14 96 10.863
14 97 23.809
14 98 47.34
14 99 32.178
15 16 91.167
15 17 97.904
15 18 32.084
15 19 57.399
15 20 37.019
15 21 60.116
15 22 9.278
15 23 33.135
15 24 79.682
15 25 97.501
15 26 17.2
15 27 55.633
15 28 24.586
15 29 86.867
15 30 26.562
15 31 26.213
15 32 71.685
15 33 33.178
15 34 35.861
15 35 70.832
15 36 67.102
15 37 1.225
15 38 31.176
15 39 1.333
15 40 48.633
15 41 4.918
15 42 55.621
15 43 90.534
15 44 3.965
15 45 78.911
15 46 63.959
15 47 78.328
15 48 74.33
15 49 72.954
15 50 11.182
15 51 78.249
15 52 47.273
15 53 75.383
15 54 65.409
15 55 5.259
15 56 54.514
15 57 34.997
15 58 73.212
15 59 18.57
15 60 2.621
15 61 17.012
15 62 63.967
15 63 6.758
15 64 44.582
15 65 45.157
15 66 0.334
15 67 32.499
15 68 76.67
15 69 54.58
15 70 15.424
15 71 49.106
15 72 77.096
15 73 8.557
15 74 45.578
15 75 74.43
15 76 77.121
15 77 25.927
15 78 88.221
15 79 76.984
15 80 52.519
15 81 59.123
15 82 87.952
15 83 13.428
15 84 49.799
15 85 77.54
15 86 1.868
15 87 71.788
15 88 62.644
15 89 78.576
15 90 13.77
15 91 99.58
15 92 67.85
15 93 51.88
15 94 84.993
15 95 28.43
15 96 59.267
15 97 59.474
15 98 83.612
15 99 31.875
16 17 62.697
16 18 99.129
16 19 53.44
16 20 28.688
16 21 74.696
16 22 91.433
16 23 31.224
16 24 65.719
16 25 45.356
16 26 30.45
16 27 84.235
16 28 32.186
16 29 5.268
16 30 86.647
16 31 65.755
16 32 94.84
16 33 11.291
16 34 51.436
16 35 30.725
16 36 83.06
16 37 76.899
16 38 79.026
16 39 79.488
16 40 8.796
16 41 41.393
16 42 27.196
16 43 3.711
16 44 89.483
16 45 31.139
16 46 3.67
16 47 52.509
16 48 88.383
16 49 46.783
16 50 66.224
16 51 11.797
16 52 91.291
16 53 3.509
16 54 40.688
16 55 27.9
16 56 55.417
16 57 41.117
16 58 4.478
16 59 39.784
16 60 71.609
16 61 70.258
16 62 86.765
16 63 36.258
16 64 90.725
16 65 55.972
16 66 86.792
16 67 7.304
16 68 9.353
16 69 60.186
16 70 39.318
16 71 66.082
16 72 21.419
16 73 14.029
16 74 98.048
16 75 53.632
16 76 69.109
16 77 90.839
16 78 2.854
16 79 23.499
16 80 17.697
16 81 73.446
16 82 70.109
16 83 89.993
16 84 87.021
16 85 33.086
16 86 30.292
16 87 65.421
16 88 4.304
16 89 15.235
16 90 36.875
16 91 75.248
16 92 29.725
16 93 43.034
16 94 15.208
16 95 66.255
16 96 1.915
16 97 99.127
16 98 33.977
16 99 97.502
17 18 69.594
17 19 98.468
17 20 71.167
17 21 26.808
17 22 3.436
17 23 52.396
17 24 75.156
17 25 95.648
17 26 44.361
17 27 36.691
17 28 75.834
17 29 1.896
17 30 41.937
17 31 63.518
17 32 54.598
17 33 85.759
17 34 79.8
17 35 4.787
17 36 42.671
17 37 45.294
17 38 96.15
17 39 95.152
17 40 12.807
17 41 62.562
17 42 41.176
17 43 82.516
17 44 41.97
17 45 57.292
17 46 0.358
17 47 95.61
17 48 71.358
17 49 72.4
17 50 3.626
17 51 92.11
17 52 92.26
17 53 96.078
17 54 15.738
17 55 75.37
17 56 56.329
17 57 81.678
17 58 90.181
17 59 78.199
17 60 57.138
17 61 38.955
17 62 9.469
17 63 48.618
17 64 50.11
17 65 15.249
17 66 25.712
17 67 24.869
17 68 37.483
17 69 6.654
17 70 87.552
17 71 32.028
17 72 24.304
17 73 25.291
17 74 78.052
17 75 87.437
17 76 84.771
17 77 43.8
17 78 83.679
17 79 86.795
17 80 62.838
17 81 73.649
17 82 90.949
17 83 46.279
17 84 38.969
17 85 61.353
17 86 27.323
17 87 24.354
17 88 24.777
17 89 64.044
17 90 96.715
17 91 81.075
17 92 99.936
17 93 12.916
17 94 35.429
17 95 0.072
17 96 63.481
17 97 4.86
17 98 17.833
17 99 73.462
18 19 93.245
18 20 8.819
18 21 45.506
18 22 9.129
18 23 82.293
18 24 26.376
18 25 30.429
18 26 72.051
18 27 43.881
18 28 43.037
18 29 37.903
18 30 85.358
18 31 18.921
18 32 97.277
18 33 8.984
18 34 71.752
18 35 85.735
18 36 97.039
18 37 31.926
18 38 49.207
18 39 60.396
18 40 92.671
18 41 61.471
18 42 17.295
18 43 38.81
18 44 49.34
18 45 45.175
18 46 63.191
18 47 14.163
18 48 90.644
18 49 43.43
18 50 14.405
18 51 72.054
18 52 96.383
18 53 9.058
18 54 19.042
18 55 89.456
18 56 14.19
18 57 86.374
18 58 36.4
18 59 1.953
18 60 97.683
18 61 38.553
18 62 15.239
18 63 9.517
18 64 71.452
18 65 26.301
18 66 36.26
18 67 24.126
18 68 12.915
18 69 75.156
18 70 10.597
18 71 28.272
18 72 54.979
18 73 38.419
18 74 10.038
18 75 2.334
18 76 65.618
18 77 15.167
18 78 92.979
18 79 16.337
18 80 98.337
18 81 10.116
18 82 92.334
18 83 93.978
18 84 45.917
18 85 32.364
18 86 47.715
18 87 83.795
18 88 96.475
18 89 69.824
18 90 1.455
18 91 36.489
18 92 33.857
18 93 70.388
18 94 14.502
18 95 31.071
18 96 66.907
18 97 81.809
18 98 49.707
18 99 12.675
19 20 90.902
19 21 51.149
19 22 91.101
19 23 65.579
19 24 1.286
19 25 51.122
19 26 90.883
19 27 94.575
19 28 96.106
19 29 40.917
19 30 65.098
19 31 89.696
19 32 56.848
19 33 35.666
19 34 49.443
19 35 50.91
19 36 79.916
19 37 11.486
19 38 74.249
19 39 57.097
19 40 89.132
19 41 66.23
19 42 79.897
19 43 22.526
19 44 82.584
19 45 93.709
19 46 89.89
19 47 99.575
19 48 24.746
19 49 35.488
19 50 15.707
19 51 69.698
19 52 50.215
19 53 63.245
19 54 16.805
19 55 27.871
19 56 46.116
19 57 18.57
19 58 67.903
19 59 40.025
19 60 16.889
19 61 14.776
19 62 64.987
19 63 25.604
19 64 9.355
19 65 60.556
19 66 54.455
19 67 0.867
19 68 41.055
19 69 75.131
19 70 52.943
19 71 29.904
19 72 60.397
19 73 56.21
19 74 28.641
19 75 86.139
19 76 28.353
19 77 47.559
19 78 99.356
19 79 62.482
19 80 66.769
19 81 60.211
19 82 61.673
19 83 77.854
19 84 69.232
19 85 39.887
19 86 58.05
19 87 51.321
19 88 9.89
19 89 44.134
19 90 49.264
19 91 70.761
19 92 50.532
19 93 36.205
19 94 2.013
19 95 80.423
19 96 87.313
19 97 53.593
19 98 96.088
19 99 54.843
20 21 19.939
20 22 20.085
20 23 23.814
20 24 98.618
20 25 41.275
20 26 69.67
20 27 40.838
20 28 97.977
20 29 80.694
20 30 63.427
20 31 3.709
20 32 43.863
20 33 37.261
20 34 30.002
20 35 18.61
20 36 95.221
20 37 39.293
20 38 52.008
20 39 33.495
20 40 79.912
20 41 36.703
20 42 32.865
20 43 52.539
20 44 36.15
20 45 21.573
20 46 83.05
20 47 8.57
20 48 9.593
20 49 42.114
20 50 81.79
20 51 65.309
20 52 74.88
20 53 1.156
20 54 38.872
20 55 43.279
20 56 64.69
20 57 41.395
20 58 60.203
20 59 47.728
20 60 26.009
20 61 21.877
20 62 64.476
20 63 97.913
20 64 15.417
20 65 31.766
20 66 65.29
20 67 96.326
20 68 60.78
20 69 85.642
20 70 39.239
20 71 5.247
20 72 44.584
20 73 79.855
20 74 21.957
20 75 63.384
20 76 29.538
20 77 34.893
20 78 75.413
20 79 27.993
20 80 30.497
20 81 9.954
20 82 47.074
20 83 4.167
20 84 72.15
20 85 46.292
20 86 83.253
20 87 47.625
20 88 84.35
20 89 92.205
20 90 32.707
20 91 79.021
20 92 38.791
20 93 33.852
20 94 73.358
20 95 65.877
20 96 5.152
20 97 81.08
20 98 44.573
20 99 9.856
21 22 31.159
21 23 28.7
21 24 5.778
21 25 33.301
21 26 77.497
21 27 63.967
21 28 97.292
21 29 57.411
21 30 66.745
21 31 7.313
21 32 50.361
21 33 11.038
21 34 92.641
21 35 10.539
21 36 84.448
21 37 24.387
21 38 60.923
21 39 55.276
21 40 22.82
21 41 82.325
21 42 6.861
21 43 84.838
21 44 79.153
21 45 62.805
21 46 37.098
21 47 63.546
21 48 7.741
21 49 33.526
21 50 56.36
21 51 46.427
21 52 31.389
21 53 14.764
21 54 76.076
21 55 87.895
21 56 99.936
21 57 25.087
21 58 25.035
21 59 81.832
21 60 99.958
21 61 28.48
21 62 74.738
21 63 52.024
21 64 69.103
21 65 83.51
21 66 66.386
21 67 80.576
21 68 26.134
21 69 45.914
21 70 68.383
21 71 0.771
21 72 16.024
21 73 51.196
21 74 99.055
21 75 53.615
21 76 81.059
21 77 88.881
21 78 77.415
21 79 29.482
21 80 56.976
21 81 15.804
21 82 19.354
21 83 6.379
21 84 94.795
21 85 19.653
21 86 6.962
21 87 38.165
21 88 99.267
21 89 99.24
21 90 47.783
21 91 83.125
21 92 36.863
21 93 53.281
21 94 34.455
21 95 81.747
21 96 18.041
21 97 78.071
21 98 99.656
21 99 49.317
22 23 20.512
22 24 50.235
22 25 94.267
22 26 50.02
22 27 60.879
22 28 48.14
22 29 93.39
22 30 52.014
22 31 70.259
22 32 71.3
22 33 89.646
22 34 14.717
22 35 9.037
22 36 77.428
22 37 57.654
22 38 95.19
22 39 89.312
22 40 27.681
22 41 86.039
22 42 71.418
22 43 22.629
22 44 38.716
22 45 72.762
22 46 60.838
22 47 86.055
22 48 7.475
22 49 73.632
22 50 2.395
22 51 83.266
22 52 93.183
22 53 49.336
22 54 95.665
22 55 99.555
22 56 51.195
22 57 4.003
22 58 61.754
22 59 13.765
22 60 47.059
22 61 84.919
22 62 10.806
22 63 61.502
22 64 51.132
22 65 13.382
22 66 30.752
22 67 51.015
22 68 42.986
22 69 10.407
22 70 81.12
22 71 91.809
22 72 94.441
22 73 1.598
22 74 24.277
22 75 35.517
22 76 9.676
22 77 65.046
22 78 84.371
22 79 6.187
22 80 38.821
22 81 53.941
22 82 82.011
22 83 24.212
22 84 70.923
22 85 84.231
22 86 50.001
22 87 31.004
22 88 46.171
22 89 0.966
22 90 75.763
22 91 35.379
22 92 62.058
22 93 68.775
22 94 80.611
22 95 71.248
22 96 93.166
22 97 50.709
22 98 7.779
22 99 49.1
23 24 37.635
23 25 65.698
23 26 46.257
23 27 52.131
23 28 34.243
23 29 5.871
23 30 51.159
23 31 75.523
23 32 80.004
23 33 54.005
23 34 26.513
23 35 6.944
23 36 62.027
23 37 34.274
23 38 20.024
23 39 41.227
23 40 16.172
23 41 6.144
23 42 49.036
23 43 56.59
23 44 36.917
23 45 56.855
23 46 76.317
23 47 45.043
23 48 75.58
23 49 83.112
23 50 76.123
23 51 94.522
23 52 87.158
23 53 70.271
23 54 66.572
23 55 67.942
23 56 51.09
23 57 90.776
23 58 47.346
23 59 90.108
23 60 31.946
23 61 38.981
23 62 83.424
23 63 93.626
23 64 28.108
23 65 76.161
23 66 21.485
23 67 10.558
23 68 39.894
23 69 13.228
23 70 84.117
23 71 38.344
23 72 60.46
23 73 26.713
23 74 23.488
23 75 93.454
23 76 52.086
23 77 90.788
23 78 67.459
23 79 54.841
23 80 76.633
23 81 27.216
23 82 90.054
23 83 67.575
23 84 13.541
23 85 30.661
23 86 23.903
23 87 9.414
23 88 90.25
23 89 39.111
23 90 41.904
23 91 52.92
23 92 51.413
23 93 81.584
23 94 69.608
23 95 66.74
23 96 24.207
23 97 98.442
23 98 95.69
23 99 49.813
24 25 59.622
24 26 50.421
24 27 51.822
24 28 60.44
24 29 30.809
24 30 80.839
24 31 91.458
24 32 56.896
24 33 37.598
24 34 8.559
24 35 66.836
24 36 93.859
24 37 88.347
24 38 60.552
24 39 83.538
24 40 44.722
24 41 86.088
24 42 2.276
24 43 68.28
24 44 35.571
24 45 67.901
24 46 8.815
24 47 24.985
24 48 57.838
24 49 42.234
24 50 3.772
24 51 94.877
24 52 69.264
24 53 43.941
24 54 47.612
24 55 12.27
24 56 3.131
24 57 36.731
24 58 41.983
24 59 10.637
24 60 71.889
24 61 99.97
24 62 79.682
24 63 23.681
24 64 27.803
24 65 14.502
24 66 78.043
24 67 63.661
24 68 49.707
24 69 5.228
24 70 11.818
24 71 81.319
24 72 80.355
24 73 8.687
24 74 63.382
24 75 58.924
24 76 60.004
24 77 34.044
24 78 1.677
24 79 67.176
24 80 87.524
24 81 38.908
24 82 44.359
24 83 88.496
24 84 0.419
24 85 46.305
24 86 34.553
24 87 70.789
24 88 15.375
24 89 83.993
24 90 4.992
24 91 43.832
24 92 46.385
24 93 4.038
24 94 21.381
24 95 99.311
24 96 50.649
24 97 61.222
24 98 17.993
24 99 39.415
25 26 47.293
25 27 80.882
25 28 28.927
25 29 81.781
25 30 58.125
25 31 39.973
25 32 3.433
25 33 67.943
25 34 1.294
25 35 16.652
25 36 88.016
25 37 9.187
25 38 45.897
25 39 70.083
25 40 21.874
25 41 52.102
25 42 88.242
25 43 70.535
25 44 90.45
25 45 73.512
25 46 96.192
25 47 61.529
25 48 62.055
25 49 67.715
25 50 70.29
25 51 90.745
25 52 77.346
25 53 76.312
25 54 57.52
25 55 88.313
25 56 89.673
25 57 10.567
25 58 21.006
25 59 31.134
25 60 32.367
25 61 70.02
25 62 5.953
25 63 82.343
25 64 25.926
25 65 98.792
25 66 53.203
25 67 66.299
25 68 28.317
25 69 86.258
25 70 27.092
25 71 80.08
25 72 92.029
25 73 54.267
25 74 20.286
25 75 41.089
25 76 59.221
25 77 68.736
25 78 75.811
25 79 59.69
25 80 94.511
25 81 14.639
25 82 5.047
25 83 89.687
25 84 78.611
25 85 13.168
25 86 36.889
25 87 22.591
25 88 18.231
25 89 70.703
25 90 86.667
25 91 91.419
25 92 80.838
25 93 95.503
25 94 44.769
25 95 28.279
25 96 37.614
25 97 93.682
25 98 45.991
25 99 77.276
26 27 28.352
26 28 39.947
26 29 68.198
26 30 23.266
26 31 10.61
26 32 80.378
26 33 31.83
26 34 69.966
26 35 21.201
26 36 70.721
26 37 78.786
26 38 43.448
26 39 92.135
26 40 56.783
26 41 2.946
26 42 15.742
26 43 29.127
26 44 0.6
26 45 38.497
26 46 86.808
26 47 63.73
26 48 49.865
26 49 83.545
26 50 29.241
26 51 39.863
26 52 72.902
26 53 88.193
26 54 58.325
26 55 78.087
26 56 70.754
26 57 99.413
26 58 72.777
26 59 22.458
26 60 57.312
26 61 79.747
26 62 80.68
26 63 8.933
26 64 58.766
26 65 49.051
26 66 33.929
26 67 91.359
26 68 65.737
26 69 80.587
26 70 40.289
26 71 48.427
26 72 56.83
26 73 50.703
26 74 69.705
26 75 63.857
26 76 3.072
26 77 21.069
26 78 25.248
26 79 11.119
26 80 57.177
26 81 20.337
26 82 1.198
26 83 39.918
26 84 42.176
26 85 5.636
26 86 99.671
26 87 73.495
26 88 27.671
26 89 52.099
26 90 97.044
26 91 80.008
26 92 57.904
26 93 2.011
26 94 20.818
26 95 98.383
26 96 98.865
26 97 8.841
26 98 87.312
26 99 86.275
27 28 74.357
27 29 73.18
27 30 52.352
27 31 31.804
27 32 63.954
27 33 20.207
27 34 78.245
27 35 55.897
27 36 48.402
27 37 36.733
27 38 98.086
27 39 0.596
27 40 67.843
27 41 34.601
27 42 44.303
27 43 17.739
27 44 27.437
27 45 18.774
27 46 58.536
27 47 54.919
27 48 39.589
27 49 23.892
27 50 89.536
27 51 6.45
27 52 90.525
27 53 50.388
27 54 21.044
27 55 44.76
27 56 36.002
27 57 22.157
27 58 37.59
27 59 79.227
27 60 33.982
27 61 48.641
27 62 93.775
27 63 30.695
27 64 21.827
27 65 76.098
27 66 77.906
27 67 32.005
27 68 64.184
27 69 84.936
27 70 20.558
27 71 51.586
27 72 19.637
27 73 18.302
27 74 64.495
27 75 89.371
27 76 11.609
27 77 58.553
27 78 81.829
27 79 10.172
27 80 11.148
27 81 77.268
27 82 75.147
27 83 6.996
27 84 76.807
27 85 12.189
27 86 55.854
27 87 75.178
27 88 4.599
27 89 76.147
27 90 41.121
27 91 66.147
27 92 70.811
27 93 49.249
27 94 40.308
27 95 70.145
27 96 42.811
27 97 59.956
27 98 18.142
27 99 61.764
28 29 2.405
28 30 37.54
28 31 99.574
28 32 35.683
28 33 21.315
28 34 16.76
28 35 7.792
28 36 72.207
28 37 92.439
28 38 84.515
28 39 14.299
28 40 80.926
28 41 0.565
28 42 51.681
28 43 1.144
28 44 6.92
28 45 91.995
28 46 50.533
28 47 26.739
28 48 53.846
28 49 40.789
28 50 61.194
28 51 43.954
28 52 83.859
28 53 70.581
28 54 18.414
28 55 54.484
28 56 54.74
28 57 56.62
28 58 70.25
28 59 22.282
28 60 47.408
28 61 91.269
28 62 29.462
28 63 26.684
28 64 27.37
28 65 33.022
28 66 82.666
28 67 43.092
28 68 81.912
28 69 35.761
28 70 49.516
28 71 5.396
28 72 59.832
28 73 87.008
28 74 27.287
28 75 22.948
28 76 75.008
28 77 0.489
28 78 34.089
28 79 31.752
28 80 54.966
28 81 73.8
28 82 44.502
28 83 6.8
28 84 49.053
28 85 30.236
28 86 46.332
28 87 68.747
28 88 17.019
28 89 70.22
28 90 22.768
28 91 10.773
28 92 50.617
28 93 65.366
28 94 95.056
28 95 25.103
28 96 36.628
28 97 69.672
28 98 10.494
28 99 90.888
29 30 25.171
29 31 51.156
29 32 23.216
29 33 72.554
29 34 56.828
29 35 21.633
29 36 53.869
29 37 73.197
29 38 55.578
29 39 60.355
29 40 50.136
29 41 48.46
29 42 73.955
29 43 28.825
29 44 59.216
29 45 27.125
29 46 30.757
29 47 65.273
29 48 39.723
29 49 41.007
29 50 59.314
29 51 53.434
29 52 91.389
29 53 13.26
29 54 51.42
29 55 2.982
29 56 62.852
29 57 15.244
29 58 71.626
29 59 17.888
29 60 29.311
29 61 81.604
29 62 12.704
29 63 36.792
29 64 41.022
29 65 49.558
29 66 8.174
29 67 39.777
29 68 54.64
29 69 72.883
29 70 87.647
29 71 16.411
29 72 60.183
29 73 19.612
29 74 64.997
29 75 53.571
29 76 66.668
29 77 36.929
29 78 31.741
29 79 82.049
29 80 81.399
29 81 85.092
29 82 46.307
29 83 38.738
29 84 24.119
29 85 44.276
29 86 67.843
29 87 56.486
29 88 75.496
29 89 4.211
29 90 0.01
29 91 40.257
29 92 92.105
29 93 43.308
29 94 76.214
29 95 46.724
29 96 50.724
29 97 29.76
29 98 75.0
29 99 49.141
30 31 0.634
30 32 36.607
30 33 17.929
30 34 58.1
30 35 19.742
30 36 69.264
30 37 75.089
30 38 87.829
30 39 50.544
30 40 84.058
30 41 22.614
30 42 73.911
30 43 98.974
30 44 64.627
30 45 9.948
30 46 83.293
30 47 59.599
30 48 83.321
30 49 31.867
30 50 52.79
30 51 82.046
30 52 86.359
30 53 21.304
30 54 36.825
30 55 75.67
30 56 69.309
30 57 6.142
30 58 78.185
30 59 39.131
30 60 68.571
30 61 83.767
30 62 63.352
30 63 68.313
30 64 0.18
30 65 24.35
30 66 16.528
30 67 17.096
30 68 17.524
30 69 95.34
30 70 74.209
30 71 19.092
30 72 7.966
30 73 45.539
30 74 9.38
30 75 96.367
30 76 53.114
30 77 47.355
30 78 10.128
30 79 42.834
30 80 75.903
30 81 66.826
30 82 19.571
30 83 49.459
30 84 81.402
30 85 51.479
30 86 74.703
30 87 16.574
30 88 42.066
30 89 39.976
30 90 88.281
30 91 54.525
30 92 24.124
30 93 86.584
30 94 15.247
30 95 97.46
30 96 48.457
30 97 99.691
30 98 87.345
30 99 49.452
31 32 83.178
31 33 7.941
31 34 48.023
31 35 90.525
31 36 40.03
31 37 31.812
31 38 55.223
31 39 92.752
31 40 77.63
31 41 20.1
31 42 0.586
31 43 61.81
31 44 4.959
31 45 84.583
31 46 34.203
31 47 96.573
31 48 5.147
31 49 94.712
31 50 9.818
31 51 57.213
31 52 38.584
31 53 98.863
31 54 26.088
31 55 72.089
31 56 39.444
31 57 33.922
31 58 5.822
31 59 80.446
31 60 5.933
31 61 30.811
31 62 59.893
31 63 17.081
31 64 72.827
31 65 29.531
31 66 72.679
31 67 85.146
31 68 59.19
31 69 6.677
31 70 34.036
31 71 72.131
31 72 3.717
31 73 55.538
31 74 56.553
31 75 49.07
31 76 83.891
31 77 95.371
31 78 75.411
31 79 82.203
31 80 96.526
31 81 75.984
31 82 80.406
31 83 11.692
31 84 88.307
31 85 13.16
31 86 41.256
31 87 22.196
31 88 82.011
31 89 95.397
31 90 68.039
31 91 48.678
31 92 46.926
31 93 99.01
31 94 67.352
31 95 25.625
31 96 62.845
31 97 86.21
31 98 22.909
31 99 84.905
32 33 59.095
32 34 90.592
32 35 72.783
32 36 4.598
32 37 39.116
32 38 66.647
32 39 11.205
32 40 6.342
32 41 16.835
32 42 66.133
32 43 9.828
32 44 90.312
32 45 18.436
32 46 53.609
32 47 99.58
32 48 29.095
32 49 46.042
32 50 12.682
32 51 95.722
32 52 94.919
32 53 10.567
32 54 63.202
32 55 43.898
32 56 65.455
32 57 60.246
32 58 31.045
32 59 84.581
32 60 80.23
32 61 55.392
32 62 59.095
32 63 8.44
32 64 48.172
32 65 74.264
32 66 48.428
32 67 52.03
32 68 45.56
32 69 15.022
32 70 73.815
32 71 96.246
32 72 28.832
32 73 25.463
32 74 1.72
32 75 83.267
32 76 59.68
32 77 99.311
32 78 32.737
32 79 65.907
32 80 89.427
32 81 61.798
32 82 23.814
32 83 41.591
32 84 55.699
32 85 20.811
32 86 25.69
32 87 68.76
32 88 50.713
32 89 79.047
32 90 35.819
32 91 79.942
32 92 65.56
32 93 24.975
32 94 13.904
32 95 91.653
32 96 10.186
32 97 72.993
32 98 45.241
32 99 5.944
33 34 65.473
33 35 18.512
33 36 19.467
33 37 37.578
33 38 19.189
33 39 20.803
33 40 61.344
33 41 70.297
33 42 17.519
33 43 1.565
33 44 16.102
33 45 1.073
33 46 5.106
33 47 42.78
33 48 29.901
33 49 94.271
33 50 46.335
33 51 84.507
33 52 19.611
33 53 62.499
33 54 35.383
33 55 49.198
33 56 73.312
33 57 32.664
33 58 99.32
33 59 82.653
33 60 66.039
33 61 51.057
33 62 38.836
33 63 86.57
33 64 4.111
33 65 9.045
33 66 58.708
33 67 73.223
33 68 8.106
33 69 92.768
33 70 53.63
33 71 65.71
33 72 97.139
33 73 96.004
33 74 16.452
33 75 55.228
33 76 70.615
33 77 94.054
33 78 54.739
33 79 40.365
33 80 1.134
33 81 48.8
33 82 83.858
33 83 13.686
33 84 18.312
33 85 83.446
33 86 22.24
33 87 74.392
33 88 40.941
33 89 76.924
33 90 17.115
33 91 91.001
33 92 43.995
33 93 61.801
33 94 70.125
33 95 93.511
33 96 42.962
33 97 20.194
33 98 83.755
33 99 92.398
34 35 1.722
34 36 17.039
34 37 44.295
34 38 96.976
34 39 49.235
34 40 33.106
34 41 15.842
34 42 54.016
34 43 52.173
34 44 8.638
34 45 30.835
34 46 93.596
34 47 1.673
34 48 46.293
34 49 45.978
34 50 61.793
34 51 51.224
34 52 61.051
34 53 7.972
34 54 77.588
34 55 95.681
34 56 19.304
34 57 7.823
34 58 25.081
34 59 52.312
34 60 5.632
34 61 88.01
34 62 84.538
34 63 62.798
34 64 17.534
34 65 20.601
34 66 18.438
34 67 31.891
34 68 56.53
34 69 2.814
34 70 41.471
34 71 47.408
34 72 71.492
34 73 31.96
34 74 24.643
34 75 73.736
34 76 97.87
34 77 69.522
34 78 91.125
34 79 45.582
34 80 91.201
34 81 67.644
34 82 77.269
34 83 68.617
34 84 32.458
34 85 43.182
34 86 73.245
34 87 51.579
34 88 76.722
34 89 25.829
34 90 56.136
34 91 34.077
34 92 55.747
34 93 21.908
34 94 77.401
34 95 67.6
34 96 66.216
34 97 49.863
34 98 22.837
34 99 5.122
35 36 33.671
35 37 23.151
35 38 75.501
35 39 24.855
35 40 78.149
35 41 29.858
35 42 89.527
35 43 45.513
35 44 51.063
35 45 16.968
35 46 74.081
35 47 6.316
35 48 51.689
35 49 81.696
35 50 60.667
35 51 51.664
35 52 37.054
35 53 42.438
35 54 85.774
35 55 12.871
35 56 20.01
35 57 16.098
35 58 86.512
35 59 26.818
35 60 59.359
35 61 78.172
35 62 28.265
35 63 88.853
35 64 94.3
35 65 65.325
35 66 32.226
35 67 93.013
35 68 88.405
35 69 22.774
35 70 28.475
35 71 95.207
35 72 39.654
35 73 35.953
35 74 1.86
35 75 9.438
35 76 65.818
35 77 23.563
35 78 89.802
35 79 84.568
35 80 1.667
35 81 52.201
35 82 12.986
35 83 35.716
35 84 57.782
35 85 85.647
35 86 41.181
35 87 12.541
35 88 21.826
35 89 38.016
35 90 54.394
35 91 9.403
35 92 52.153
35 93 73.957
35 94 22.992
35 95 56.134
35 96 61.867
35 97 84.952
35 98 17.288
35 99 41.528
36 37 72.374
36 38 81.531
36 39 61.057
36 40 96.114
36 41 55.095
36 42 6.167
36 43 69.265
36 44 75.198
36 45 4.11
36 46 30.754
36 47 98.401
36 48 20.162
36 49 80.327
36 50 97.213
36 51 88.176
36 52 58.215
36 53 70.647
36 54 59.619
36 55 54.817
36 56 80.153
36 57 63.216
36 58 26.792
36 59 30.904
36 60 99.289
36 61 56.856
36 62 76.837
36 63 61.19
36 64 72.748
36 65 9.341
36 66 36.762
36 67 61.837
36 68 73.557
36 69 83.846
36 70 79.766
36 71 38.923
36 72 23.92
36 73 55.078
36 74 37.756
36 75 14.763
36 76 38.406
36 77 30.146
36 78 35.162
36 79 9.99
36 80 16.291
36 81 43.563
36 82 71.09
36 83 89.073
36 84 3.708
36 85 39.926
36 86 1.5
36 87 91.197
36 88 9.986
36 89 42.341
36 90 3.864
36 91 23.309
36 92 49.471
36 93 53.764
36 94 17.598
36 95 4.442
36 96 50.895
36 97 13.089
36 98 2.554
36 99 6.868
37 38 76.695
37 39 26.974
37 40 49.064
37 41 91.415
37 42 92.357
37 43 37.988
37 44 83.741
37 45 22.384
37 46 64.109
37 47 84.095
37 48 94.552
37 49 64.393
37 50 70.125
37 51 36.16
37 52 27.445
37 53 82.424
37 54 29.769
37 55 70.816
37 56 51.535
37 57 7.572
37 58 19.475
37 59 80.016
37 60 88.413
37 61 5.662
37 62 39.255
37 63 49.75
37 64 73.883
37 65 89.88
37 66 25.26
37 67 58.807
37 68 11.783
37 69 71.642
37 70 64.731
37 71 74.515
37 72 53.251
37 73 35.076
37 74 83.436
37 75 56.195
37 76 59.65
37 77 17.374
37 78 27.076
37 79 48.237
37 80 76.071
37 81 89.766
37 82 53.493
37 83 60.13
37 84 23.796
37 85 24.146
37 86 9.975
37 87 93.466
37 88 15.48
37 89 93.713
37 90 16.723
37 91 36.919
37 92 66.056
37 93 44.103
37 94 36.543
37 95 39.03
37 96 41.508
37 97 86.654
37 98 13.805
37 99 81.259
38 39 5.025
38 40 56.026
38 41 26.185
38 42 24.375
38 43 84.836
38 44 33.964
38 45 51.406
38 46 46.977
38 47 21.481
38 48 8.71
38 49 56.576
38 50 14.521
38 51 50.711
38 52 75.863
38 53 77.775
38 54 81.486
38 55 60.645
38 56 54.723
38 57 22.348
38 58 21.95
38 59 19.91
38 60 62.323
38 61 47.01
38 62 60.795
38 63 63.569
38 64 3.573
38 65 36.871
38 66 54.146
38 67 60.83
38 68 34.483
38 69 64.536
38 70 20.117
38 71 15.298
38 72 10.021
38 73 93.057
38 74 31.233
38 75 27.793
38 76 7.671
38 77 92.282
38 78 34.948
38 79 94.329
38 80 39.032
38 81 13.1
38 82 41.152
38 83 45.576
38 84 91.041
38 85 18.182
38 86 68.504
38 87 29.478
38 88 98.839
38 89 23.594
38 90 55.082
38 91 15.487
38 92 83.878
38 93 2.115
38 94 43.27
38 95 24.729
38 96 8.987
38 97 37.184
38 98 44.853
38 99 46.839
39 40 98.315
39 41 19.711
39 42 6.367
39 43 88.547
39 44 61.162
39 45 11.98
39 46 56.841
39 47 44.378
39 48 68.223
39 49 94.561
39 50 99.933
39 51 91.033
39 52 79.823
39 53 63.291
39 54 57.891
39 55 88.639
39 56 84.107
39 57 76.79
39 58 45.688
39 59 80.927
39 60 65.251
39 61 85.759
39 62 22.805
39 63 71.945
39 64 10.964
39 65 31.495
39 66 92.714
39 67 65.855
39 68 16.441
39 69 21.806
39 70 83.498
39 71 32.798
39 72 43.495
39 73 63.719
39 74 15.928
39 75 5.446
39 76 85.102
39 77 40.295
39 78 99.1
39 79 79.171
39 80 34.705
39 81 25.122
39 82 18.692
39 83 83.021
39 84 67.354
39 85 68.943
39 86 50.6
39 87 31.771
39 88 43.151
39 89 4.68
39 90 98.029
39 91 17.294
39 92 44.723
39 93 86.615
39 94 73.548
39 95 4.409
39 96 8.219
39 97 43.47
39 98 1.766
39 99 56.28
40 41 76.545
40 42 59.141
40 43 31.923
40 44 38.238
40 45 46.334
40 46 91.11
40 47 64.514
40 48 48.705
40 49 13.997
40 50 27.178
40 51 15.655
40 52 93.881
40 53 49.662
40 54 26.44
40 55 16.624
40 56 77.523
40 57 23.675
40 58 79.352
40 59 23.665
40 60 11.918
40 61 72.752
40 62 19.303
40 63 22.299
40 64 6.336
40 65 35.498
40 66 57.409
40 67 75.051
40 68 86.098
40 69 36.044
40 70 46.9
40 71 29.825
40 72 89.804
40 73 24.028
40 74 41.343
40 75 81.881
40 76 60.61
40 77 93.049
40 78 94.769
40 79 90.888
40 80 31.791
40 81 39.731
40 82 77.785
40 83 62.291
40 84 59.324
40 85 64.228
40 86 54.213
40 87 81.823
40 88 42.239
40 89 69.36
40 90 37.942
40 91 82.186
40 92 20.939
40 93 97.9
40 94 89.857
40 95 82.917
40 96 15.15
40 97 57.814
40 98 52.955
40 99 11.363
41 42 34.562
41 43 75.177
41 44 89.471
41 45 32.602
41 46 67.069
41 47 63.719
41 48 18.255
41 49 76.124
41 50 22.9
41 51 21.488
41 52 10.252
41 53 67.577
41 54 9.782
41 55 85.334
41 56 89.489
41 57 64.933
41 58 9.829
41 59 60.254
41 60 81.88
41 61 85.712
41 62 28.858
41 63 19.219
41 64 36.919
41 65 91.824
41 66 72.759
41 67 67.441
41 68 85.716
41 69 61.493
41 70 26.309
41 71 88.117
41 72 47.998
41 73 11.916
41 74 98.701
41 75 77.76
41 76 9.816
41 77 13.152
41 78 20.246
41 79 62.705
41 80 10.593
41 81 36.249
41 82 0.183
41 83 90.752
41 84 58.015
41 85 81.64
41 86 69.312
41 87 55.678
41 88 81.223
41 89 61.961
41 90 83.479
41 91 7.278
41 92 22.91
41 93 20.379
41 94 76.641
41 95 23.037
41 96 53.766
41 97 99.518
41 98 28.475
41 99 52.173
42 43 58.835
42 44 15.522
42 45 16.026
42 46 26.737
42 47 17.378
42 48 11.1
42 49 45.89
42 50 1.343
42 51 65.383
42 52 71.202
42 53 7.951
42 54 43.244
42 55 54.814
42 56 29.95
42 57 88.567
42 58 51.231
42 59 68.659
42 60 3.208
42 61 80.577
42 62 61.398
42 63 11.881
42 64 76.046
42 65 52.018
42 66 16.202
42 67 76.603
42 68 92.088
42 69 3.37
42 70 92.559
42 71 57.814
42 72 6.254
42 73 59.176
42 74 56.666
42 75 93.917
42 76 35.837
42 77 4.785
42 78 36.238
42 79 44.457
42 80 23.014
42 81 1.705
42 82 56.595
42 83 55.522
42 84 58.314
42 85 70.968
42 86 63.518
42 87 40.742
42 88 97.061
42 89 11.662
42 90 29.184
42 91 23.791
42 92 87.387
42 93 93.832
42 94 49.291
42 95 91.402
42 96 15.532
42 97 7.227
42 98 80.839
42 99 20.441
43 44 77.748
43 45 46.048
43 46 11.223
43 47 82.809
43 48 89.465
43 49 16.896
43 50 26.021
43 51 69.587
43 52 75.953
43 53 62.142
43 54 2.597
43 55 59.372
43 56 42.278
43 57 77.977
43 58 38.731
43 59 61.922
43 60 34.999
43 61 31.723
43 62 22.324
43 63 83.731
43 64 22.204
43 65 82.065
43 66 40.695
43 67 56.557
43 68 19.027
43 69 18.315
43 70 15.726
43 71 5.285
43 72 50.209
43 73 81.061
43 74 64.853
43 75 63.949
43 76 72.604
43 77 63.066
43 78 50.131
43 79 30.348
43 80 25.662
43 81 81.539
43 82 32.947
43 83 18.445
43 84 86.276
43 85 45.645
43 86 44.569
43 87 9.033
43 88 39.034
43 89 92.85
43 90 73.31
43 91 72.949
43 92 1.069
43 93 73.355
43 94 26.408
43 95 79.367
43 96 31.852
43 97 72.83
43 98 26.635
43 99 63.18
44 45 12.359
44 46 48.95
44 47 0.823
44 48 14.642
44 49 28.573
44 50 0.958
44 51 69.868
44 52 62.27
44 53 37.494
44 54 33.732
44 55 88.979
44 56 69.578
44 57 5.065
44 58 75.179
44 59 71.884
44 60 65.155
44 61 45.699
44 62 54.016
44 63 64.207
44 64 71.804
44 65 82.586
44 66 25.965
44 67 94.757
44 68 25.906
44 69 77.116
44 70 94.604
44 71 52.14
44 72 98.709
44 73 85.842
44 74 97.83
44 75 62.313
44 76 67.402
44 77 78.973
44 78 28.624
44 79 20.652
44 80 40.028
44 81 54.74
44 82 32.253
44 83 37.841
44 84 75.435
44 85 50.544
44 86 61.655
44 87 28.032
44 88 36.624
44 89 37.929
44 90 36.155
44 91 10.99
44 92 20.398
44 93 97.966
44 94 35.369
44 95 49.283
44 96 60.805
44 97 64.692
44 98 73.902
44 99 3.255
45 46 68.77
45 47 1.888
45 48 19.495
45 49 94.078
45 50 17.776
45 51 57.515
45 52 82.396
45 53 12.601
45 54 25.713
45 55 13.032
45 56 85.652
45 57 38.334
45 58 36.393
45 59 90.882
45 60 26.966
45 61 60.465
45 62 87.555
45 63 55.754
45 64 80.739
45 65 19.803
45 66 47.341
45 67 57.683
45 68 52.227
45 69 65.795
45 70 7.823
45 71 45.452
45 72 33.605
45 73 63.961
45 74 33.288
45 75 3.111
45 76 66.026
45 77 84.485
45 78 7.587
45 79 52.611
45 80 62.425
45 81 22.271
45 82 24.561
45 83 86.829
45 84 60.524
45 85 79.523
45 86 19.146
45 87 8.789
45 88 69.497
45 89 75.556
45 90 58.836
45 91 1.778
45 92 47.987
45 93 89.983
45 94 35.379
45 95 24.075
45 96 15.288
45 97 23.131
45 98 51.184
45 99 16.267
46 47 93.386
46 48 51.936
46 49 55.117
46 50 51.295
46 51 8.971
46 52 8.399
46 53 58.67
46 54 56.43
46 55 35.482
46 56 62.943
46 57 37.442
46 58 16.529
46 59 27.406
46 60 41.204
46 61 11.375
46 62 98.868
46 63 91.732
46 64 41.681
46 65 5.799
46 66 96.174
46 67 6.125
46 68 38.342
46 69 53.73
46 70 7.155
46 71 29.841
46 72 9.44
46 73 88.194
46 74 85.349
46 75 85.78
46 76 27.465
46 77 86.922
46 78 23.816
46 79 35.676
46 80 5.512
46 81 36.19
46 82 93.506
46 83 53.067
46 84 33.804
46 85 14.687
46 86 54.203
46 87 19.892
46 88 38.811
46 89 13.655
46 90 40.442
46 91 90.891
46 92 9.0
46 93 93.563
46 94 2.403
46 95 11.339
46 96 55.308
46 97 85.569
46 98 65.823
46 99 21.508
47 48 84.687
47 49 37.934
47 50 3.121
47 51 19.712
47 52 34.132
47 53 5.853
47 54 51.291
47 55 88.096
47 56 96.884
47 57 23.013
47 58 41.746
47 59 27.163
47 60 2.661
47 61 27.452
47 62 97.673
47 63 79.025
47 64 70.137
47 65 20.664
47 66 44.421
47 67 68.199
47 68 35.444
47 69 39.936
47 70 60.67
47 71 98.975
47 72 53.27
47 73 55.945
47 74 76.305
47 75 15.698
47 76 57.054
47 77 99.454
47 78 97.994
47 79 71.255
47 80 72.319
47 81 30.665
47 82 46.379
47 83 7.066
47 84 10.405
47 85 97.438
47 86 70.916
47 87 93.459
47 88 43.947
47 89 5.477
47 90 59.382
47 91 46.891
47 92 97.378
47 93 34.131
47 94 72.61
47 95 4.722
47 96 31.715
47 97 42.211
47 98 2.169
47 99 1.895
48 49 88.134
48 50 58.713
48 51 65.329
48 52 94.371
48 53 58.597
48 54 52.043
48 55 86.955
48 56 42.675
48 57 88.521
48 58 29.875
48 59 4.388
48 60 50.675
48 61 12.641
48 62 87.966
48 63 47.887
48 64 6.584
48 65 35.536
48 66 44.013
48 67 83.472
48 68 32.305
48 69 7.631
48 70 0.363
48 71 26.654
48 72 44.791
48 73 64.921
48 74 43.753
48 75 16.046
48 76 49.976
48 77 25.815
48 78 90.363
48 79 67.668
48 80 6.032
48 81 26.014
48 82 95.972
48 83 42.803
48 84 86.311
48 85 40.099
48 86 72.465
48 87 41.47
48 88 92.409
48 89 10.182
48 90 59.541
48 91 12.9
48 92 15.892
48 93 78.438
48 94 14.052
48 95 25.196
48 96 64.632
48 97 3.34
48 98 78.93
48 99 60.68
49 50 47.122
49 51 90.243
49 52 1.72
49 53 12.26
49 54 15.627
49 55 85.123
49 56 37.421
49 57 25.627
49 58 47.216
49 59 3.173
49 60 28.094
49 61 6.604
49 62 55.635
49 63 59.619
49 64 43.453
49 65 34.42
49 66 65.169
49 67 59.944
49 68 7.569
49 69 27.2
49 70 32.74
49 71 7.687
49 72 25.736
49 73 5.175
49 74 87.835
49 75 42.711
49 76 85.913
49 77 43.33
49 78 32.851
49 79 1.76
49 80 83.183
49 81 94.614
49 82 83.505
49 83 74.044
49 84 41.58
49 85 65.961
49 86 8.59
49 87 15.297
49 88 48.77
49 89 60.287
49 90 59.989
49 91 26.793
49 92 29.85
49 93 50.171
49 94 17.849
49 95 68.607
49 96 31.854
49 97 68.049
49 98 19.933
49 99 35.585
50 51 65.536
50 52 52.476
50 53 79.829
50 54 86.248
50 55 84.445
50 56 31.032
50 57 85.884
50 58 6.612
50 59 87.67
50 60 2.811
50 61 39.052
50 62 68.468
50 63 69.485
50 64 17.56
50 65 79.709
50 66 23.503
50 67 62.303
50 68 25.846
50 69 83.063
50 70 51.513
50 71 1.16
50 72 67.027
50 73 60.818
50 74 35.281
50 75 84.789
50 76 6.028
50 77 40.317
50 78 23.054
50 79 47.658
50 80 21.654
50 81 82.397
50 82 32.723
50 83 50.852
50 84 30.796
50 85 46.019
50 86 21.299
50 87 7.178
50 88 99.522
50 89 71.545
50 90 40.991
50 91 6.199
50 92 29.762
50 93 59.805
50 94 69.403
50 95 75.722
50 96 11.35
50 97 80.34
50 98 21.662
50 99 7.615
51 52 30.427
51 53 5.623
51 54 54.005
51 55 58.342
51 56 39.052
51 57 44.422
51 58 13.786
51 59 43.461
51 60 54.522
51 61 3.99
51 62 20.659
51 63 98.951
51 64 15.705
51 65 27.519
51 66 32.93
51 67 38.663
51 68 64.739
51 69 7.839
51 70 44.898
51 71 29.932
51 72 84.417
51 73 19.342
51 74 26.66
51 75 13.889
51 76 67.309
51 77 40.666
51 78 12.128
51 79 83.923
51 80 36.26
51 81 81.028
51 82 75.334
51 83 13.733
51 84 86.648
51 85 5.19
51 86 21.105
51 87 33.531
51 88 33.451
51 89 25.753
51 90 98.523
51 91 7.873
51 92 99.826
51 93 57.594
51 94 53.092
51 95 18.95
51 96 18.808
51 97 29.153
51 98 29.124
51 99 2.594
52 53 21.26
52 54 80.477
52 55 15.587
52 56 9.581
52 57 71.949
52 58 91.843
52 59 88.438
52 60 60.333
52 61 38.752
52 62 34.814
52 63 53.065
52 64 65.545
52 65 49.829
52 66 15.204
52 67 5.382
52 68 10.839
52 69 64.712
52 70 88.66
52 71 75.695
52 72 70.757
52 73 7.722
52 74 17.633
52 75 79.762
52 76 35.738
52 77 86.094
52 78 41.346
52 79 68.115
52 80 86.949
52 81 71.605
52 82 94.245
52 83 7.019
52 84 28.541
52 85 59.525
52 86 25.751
52 87 83.516
52 88 46.109
52 89 71.683
52 90 50.301
52 91 97.013
52 92 12.081
52 93 46.954
52 94 48.314
52 95 20.154
52 96 36.868
52 97 60.63
52 98 99.02
52 99 33.095
53 54 65.997
53 55 70.206
53 56 7.212
53 57 87.393
53 58 63.858
53 59 31.235
53 60 37.108
53 61 91.473
53 62 47.922
53 63 71.153
53 64 26.442
53 65 1.595
53 66 51.41
53 67 87.734
53 68 58.947
53 69 69.585
53 70 42.389
53 71 72.656
53 72 89.092
53 73 41.813
53 74 43.299
53 75 81.303
53 76 71.27
53 77 19.997
53 78 76.225
53 79 39.683
53 80 50.054
53 81 47.393
53 82 77.312
53 83 11.041
53 84 0.804
53 85 49.067
53 86 15.229
53 87 76.411
53 88 93.088
53 89 69.393
53 90 89.811
53 91 33.957
53 92 0.593
53 93 26.347
53 94 32.533
53 95 18.882
53 96 12.221
53 97 3.849
53 98 40.221
53 99 81.018
54 55 24.739
54 56 54.001
54 57 22.965
54 58 47.608
54 59 12.539
54 60 58.396
54 61 93.942
54 62 89.855
54 63 27.012
54 64 55.341
54 65 95.963
54 66 95.362
54 67 94.6
54 68 17.66
54 69 3.419
54 70 53.802
54 71 20.535
54 72 23.185
54 73 90.484
54 74 11.871
54 75 96.881
54 76 88.974
54 77 74.146
54 78 58.705
54 79 14.899
54 80 94.543
54 81 52.923
54 82 97.808
54 83 35.565
54 84 71.146
54 85 64.477
54 86 71.335
54 87 62.174
54 88 41.451
54 89 56.442
54 90 67.762
54 91 80.374
54 92 77.482
54 93 37.729
54 94 52.608
54 95 20.948
54 96 86.882
54 97 25.333
54 98 63.943
54 99 50.869
55 56 49.529
55 57 55.004
55 58 55.911
55 59 57.702
55 60 81.284
55 61 38.813
55 62 73.05
55 63 48.646
55 64 72.152
55 65 68.163
55 66 76.766
55 67 30.208
55 68 41.642
55 69 71.767
55 70 12.495
55 71 32.279
55 72 1.22
55 73 36.077
55 74 95.664
55 75 28.29
55 76 86.665
55 77 37.295
55 78 22.464
55 79 92.491
55 80 86.809
55 81 61.61
55 82 70.643
55 83 68.344
55 84 16.491
55 85 40.676
55 86 8.399
55 87 94.248
55 88 8.158
55 89 58.18
55 90 37.262
55 91 7.841
55 92 60.742
55 93 31.915
55 94 47.343
55 95 14.532
55 96 26.284
55 97 70.78
55 98 36.829
55 99 92.463
56 57 3.442
56 58 10.58
56 59 72.121
56 60 90.486
56 61 55.847
56 62 13.333
56 63 23.21
56 64 11.404
56 65 68.486
56 66 84.95
56 67 26.971
56 68 18.94
56 69 21.827
56 70 10.368
56 71 67.463
56 72 44.772
56 73 84.873
56 74 52.779
56 75 49.54
56 76 80.334
56 77 94.423
56 78 51.14
56 79 77.742
56 80 96.767
56 81 21.695
56 82 77.42
56 83 99.855
56 84 79.456
56 85 75.157
56 86 14.685
56 87 62.688
56 88 3.71
56 89 14.594
56 90 82.841
56 91 82.333
56 92 32.94
56 93 76.177
56 94 36.739
56 95 70.088
56 96 70.956
56 97 67.523
56 98 26.92
56 99 93.94
57 58 6.479
57 59 45.56
57 60 28.964
57 61 16.888
57 62 51.499
57 63 74.673
57 64 42.799
57 65 28.335
57 66 69.427
57 67 28.493
57 68 8.625
57 69 70.431
57 70 4.412
57 71 23.375
57 72 68.744
57 73 73.618
57 74 39.549
57 75 35.365
57 76 14.132
57 77 2.07
57 78 70.376
57 79 85.689
57 80 96.206
57 81 51.573
57 82 24.235
57 83 7.209
57 84 10.424
57 85 0.868
57 86 24.405
57 87 13.051
57 88 76.232
57 89 56.978
57 90 0.108
57 91 65.484
57 92 2.425
57 93 44.74
57 94 42.303
57 95 23.699
57 96 38.726
57 97 69.097
57 98 83.746
57 99 37.019
58 59 1.146
58 60 41.968
58 61 39.884
58 62 95.648
58 63 50.23
58 64 0.227
58 65 47.095
58 66 2.64
58 67 92.097
58 68 92.975
58 69 94.555
58 70 14.285
58 71 63.8
58 72 69.254
58 73 46.533
58 74 97.838
58 75 89.453
58 76 41.566
58 77 87.862
58 78 24.61
58 79 9.461
58 80 35.864
58 81 77.768
58 82 25.957
58 83 53.532
58 84 73.716
58 85 70.937
58 86 47.182
58 87 79.865
58 88 7.925
58 89 25.218
58 90 28.706
58 91 21.732
58 92 40.645
58 93 44.897
58 94 16.986
58 95 5.575
58 96 14.205
58 97 25.118
58 98 30.614
58 99 17.742
59 60 69.07
59 61 26.26
59 62 16.622
59 63 17.203
59 64 97.393
59 65 2.948
59 66 22.794
59 67 28.907
59 68 32.163
59 69 96.457
59 70 89.12
59 71 69.891
59 72 48.071
59 73 95.775
59 74 42.496
59 75 98.276
59 76 33.917
59 77 54.127
59 78 71.095
59 79 89.271
59 80 69.843
59 81 50.83
59 82 59.721
59 83 7.362
59 84 34.003
59 85 97.578
59 86 72.546
59 87 67.926
59 88 46.448
59 89 20.677
59 90 69.029
59 91 12.472
59 92 11.091
59 93 96.746
59 94 70.154
59 95 91.609
59 96 70.564
59 97 27.872
59 98 11.085
59 99 73.263
60 61 80.296
60 62 68.855
60 63 52.245
60 64 46.09
60 65 25.052
60 66 50.38
60 67 54.123
60 68 94.686
60 69 82.922
60 70 39.5
60 71 32.773
60 72 36.526
60 73 50.603
60 74 48.183
60 75 40.452
60 76 54.586
60 77 35.498
60 78 87.315
60 79 96.359
60 80 80.257
60 81 3.903
60 82 3.359
60 83 83.446
60 84 57.026
60 85 58.787
60 86 86.557
60 87 51.954
60 88 65.416
60 89 15.363
60 90 65.564
60 91 57.415
60 92 69.736
60 93 18.908
60 94 0.603
60 95 85.293
60 96 60.59
60 97 30.611
60 98 22.684
60 99 75.448
61 62 26.542
61 63 74.302
61 64 10.17
61 65 26.507
61 66 65.964
61 67 37.264
61 68 51.988
61 69 20.407
61 70 57.741
61 71 59.118
61 72 76.203
61 73 82.437
61 74 54.911
61 75 75.19
61 76 24.292
61 77 89.57
61 78 35.378
61 79 57.899
61 80 87.251
61 81 70.229
61 82 74.233
61 83 45.914
61 84 70.248
61 85 56.296
61 86 42.992
61 87 59.642
61 88 50.388
61 89 58.946
61 90 2.151
61 91 79.844
61 92 90.751
61 93 57.723
61 94 22.791
61 95 7.749
61 96 41.628
61 97 13.224
61 98 30.538
61 99 58.406
62 63 2.755
62 64 7.83
62 65 48.349
62 66 78.035
62 67 11.28
62 68 30.874
62 69 61.408
62 70 75.982
62 71 92.661
62 72 39.058
62 73 80.309
62 74 56.542
62 75 29.191
62 76 15.94
62 77 39.47
62 78 14.225
62 79 44.908
62 80 35.153
62 81 23.114
62 82 94.247
62 83 75.672
62 84 5.377
62 85 42.038
62 86 92.808
62 87 70.06
62 88 87.023
62 89 34.791
62 90 80.897
62 91 9.756
62 92 91.154
62 93 45.432
62 94 43.356
62 95 63.707
62 96 23.135
62 97 97.268
62 98 73.224
62 99 62.236
63 64 5.372
63 65 63.673
63 66 33.726
63 67 6.9
63 68 70.446
63 69 13.119
63 70 85.791
63 71 56.233
63 72 47.289
63 73 92.546
63 74 71.915
63 75 22.492
63 76 78.423
63 77 19.939
63 78 19.295
63 79 20.244
63 80 14.113
63 81 43.488
63 82 11.546
63 83 36.585
63 84 5.832
63 85 12.273
63 86 37.763
63 87 17.238
63 88 86.797
63 89 1.855
63 90 48.91
63 91 91.738
63 92 5.217
63 93 80.284
63 94 54.977
63 95 98.973
63 96 7.992
63 97 39.868
63 98 5.261
63 99 98.11
64 65 74.586
64 66 61.362
64 67 28.719
64 68 37.421
64 69 38.641
64 70 5.396
64 71 46.765
64 72 2.324
64 73 59.063
64 74 40.328
64 75 89.344
64 76 43.999
64 77 88.666
64 78 56.233
64 79 35.391
64 80 41.396
64 81 23.207
64 82 40.004
64 83 48.927
64 84 27.923
64 85 80.778
64 86 18.119
64 87 59.29
64 88 76.398
64 89 81.751
64 90 12.337
64 91 68.486
64 92 81.881
64 93 60.772
64 94 32.618
64 95 79.973
64 96 35.928
64 97 26.692
64 98 53.886
64 99 85.664
65 66 41.04
65 67 52.854
65 68 59.315
65 69 35.745
65 70 25.403
65 71 69.372
65 72 7.598
65 73 15.093
65 74 12.457
65 75 99.777
65 76 48.296
65 77 22.143
65 78 16.706
65 79 76.491
65 80 73.282
65 81 40.144
65 82 72.655
65 83 72.84
65 84 98.442
65 85 28.111
65 86 35.048
65 87 82.373
65 88 57.263
65 89 19.085
65 90 47.903
65 91 30.129
65 92 85.092
65 93 24.388
65 94 11.144
65 95 4.831
65 96 44.792
65 97 4.404
65 98 38.431
65 99 7.616
66 67 52.74
66 68 78.692
66 69 24.45
66 70 66.907
66 71 50.446
66 72 71.596
66 73 43.585
66 74 54.49
66 75 36.568
66 76 50.5
66 77 7.358
66 78 0.574
66 79 6.997
66 80 61.093
66 81 69.363
66 82 64.535
66 83 42.204
66 84 49.226
66 85 11.028
66 86 40.038
66 87 62.728
66 88 89.848
66 89 16.639
66 90 25.943
66 91 2.088
66 92 82.837
66 93 8.896
66 94 95.629
66 95 0.89
66 96 95.157
66 97 17.246
66 98 90.723
66 99 34.309
67 68 77.361
67 69 78.972
67 70 4.007
67 71 32.866
67 72 40.647
67 73 36.807
67 74 14.276
67 75 73.182
67 76 10.467
67 77 86.595
67 78 0.358
67 79 5.348
67 80 9.907
67 81 78.96
67 82 21.34
67 83 5.207
67 84 56.892
67 85 25.853
67 86 46.969
67 87 92.493
67 88 13.581
67 89 40.952
67 90 44.972
67 91 8.199
67 92 95.232
67 93 62.794
67 94 33.415
67 95 73.949
67 96 25.204
67 97 16.5
67 98 87.18
67 99 64.534
68 69 79.738
68 70 68.902
68 71 19.275
68 72 25.132
68 73 57.887
68 74 6.393
68 75 60.195
68 76 52.698
68 77 11.413
68 78 31.03
68 79 33.276
68 80 24.532
68 81 91.626
68 82 93.145
68 83 54.579
68 84 8.448
68 85 99.277
68 86 63.219
68 87 79.062
68 88 85.41
68 89 41.661
68 90 24.57
68 91 27.758
68 92 96.7
68 93 63.333
68 94 28.186
68 95 32.641
68 96 96.078
68 97 52.26
68 98 57.547
68 99 69.072
69 70 62.598
69 71 91.41
69 72 28.042
69 73 15.638
69 74 56.474
69 75 80.376
69 76 45.879
69 77 26.192
69 78 48.254
69 79 37.109
69 80 22.121
69 81 43.481
69 82 70.039
69 83 66.045
69 84 60.518
69 85 74.386
69 86 29.553
69 87 59.811
69 88 24.653
69 89 75.057
69 90 59.871
69 91 97.849
69 92 91.206
69 93 85.259
69 94 27.792
69 95 33.32
69 96 65.797
69 97 35.921
69 98 95.752
69 99 67.673
70 71 61.266
70 72 74.944
70 73 52.623
70 74 50.505
70 75 77.072
70 76 72.72
70 77 84.469
70 78 69.96
70 79 5.906
70 80 36.537
70 81 43.114
70 82 53.271
70 83 32.031
70 84 96.569
70 85 47.196
70 86 68.361
70 87 56.396
70 88 11.432
70 89 24.863
70 90 23.258
70 91 94.285
70 92 71.797
70 93 10.369
70 94 26.148
70 95 37.007
70 96 6.133
70 97 60.909
70 98 12.019
70 99 67.249
71 72 69.84
71 73 45.114
71 74 93.984
71 75 46.304
71 76 45.834
71 77 40.423
71 78 24.979
71 79 49.861
71 80 11.669
71 81 61.89
71 82 45.925
71 83 29.537
71 84 41.622
71 85 17.187
71 86 93.133
71 87 39.745
71 88 30.668
71 89 43.588
71 90 28.118
71 91 58.281
71 92 43.9
71 93 36.922
71 94 23.787
71 95 66.625
71 96 16.938
71 97 89.941
71 98 36.107
71 99 70.938
72 73 91.78
72 74 43.144
72 75 80.378
72 76 25.277
72 77 41.559
72 78 45.684
72 79 26.168
72 80 40.276
72 81 30.404
72 82 37.399
72 83 17.709
72 84 74.553
72 85 63.199
72 86 95.854
72 87 39.613
72 88 65.282
72 89 2.689
72 90 61.365
72 91 62.529
72 92 18.189
72 93 26.826
72 94 5.929
72 95 98.619
72 96 33.149
72 97 70.557
72 98 54.867
72 99 68.872
73 74 42.563
73 75 20.041
73 76 82.281
73 77 59.275
73 78 61.562
73 79 98.702
73 80 60.811
73 81 8.273
73 82 0.778
73 83 43.354
73 84 28.167
73 85 72.119
73 86 9.657
73 87 32.749
73 88 3.748
73 89 23.371
73 90 78.789
73 91 64.459
73 92 10.381
73 93 31.297
73 94 78.637
73 95 62.965
73 96 27.984
73 97 77.718
73 98 98.126
73 99 62.176
74 75 80.759
74 76 81.249
74 77 50.757
74 78 57.364
74 79 77.496
74 80 18.71
74 81 89.11
74 82 36.379
74 83 12.032
74 84 57.108
74 85 83.815
74 86 12.949
74 87 12.288
74 88 26.796
74 89 39.105
74 90 82.909
74 91 89.484
74 92 66.617
74 93 25.217
74 94 49.41
74 95 93.958
74 96 19.061
74 97 78.755
74 98 46.105
74 99 77.376
75 76 36.963
75 77 10.857
75 78 58.936
75 79 25.272
75 80 50.132
75 81 4.638
75 82 55.216
75 83 25.873
75 84 82.327
75 85 82.231
75 86 75.805
75 87 40.499
75 88 13.231
75 89 24.915
75 90 35.292
75 91 18.738
75 92 11.785
75 93 10.688
75 94 3.003
75 95 37.855
75 96 88.583
75 97 5.447
75 98 10.985
75 99 51.236
76 77 5.494
76 78 47.103
76 79 74.599
76 80 98.13
76 81 28.966
76 82 59.694
76 83 71.611
76 84 59.281
76 85 43.692
76 86 63.879
76 87 60.96
76 88 49.869
76 89 36.261
76 90 62.34
76 91 73.39
76 92 69.428
76 93 87.951
76 94 56.94
76 95 35.106
76 96 91.704
76 97 66.626
76 98 42.186
76 99 62.17
77 78 99.258
77 79 1.39
77 80 55.798
77 81 85.538
77 82 36.262
77 83 43.492
77 84 37.568
77 85 53.252
77 86 82.3
77 87 73.677
77 88 4.781
77 89 38.352
77 90 65.846
77 91 30.281
77 92 24.396
77 93 22.304
77 94 73.754
77 95 49.885
77 96 5.017
77 97 15.491
77 98 82.924
77 99 33.314
78 79 87.373
78 80 83.373
78 81 99.605
78 82 29.906
78 83 64.446
78 84 18.148
78 85 94.342
78 86 3.771
78 87 23.476
78 88 13.732
78 89 55.791
78 90 21.586
78 91 77.876
78 92 12.868
78 93 95.111
78 94 8.43
78 95 0.501
78 96 69.208
78 97 98.235
78 98 34.569
78 99 3.424
79 80 76.645
79 81 28.175
79 82 73.904
79 83 53.131
79 84 7.302
79 85 17.021
79 86 55.398
79 87 16.998
79 88 58.072
79 89 77.478
79 90 33.848
79 91 96.654
79 92 78.246
79 93 24.564
79 94 97.297
79 95 81.537
79 96 53.3
79 97 42.847
79 98 51.448
79 99 8.279
80 81 31.388
80 82 49.362
80 83 97.28
80 84 94.801
80 85 90.023
80 86 21.805
80 87 0.623
80 88 66.523
80 89 14.624
80 90 78.135
80 91 57.041
80 92 2.859
80 93 15.737
80 94 22.696
80 95 77.075
80 96 38.413
80 97 96.48
80 98 56.145
80 99 89.72
81 82 90.529
81 83 92.755
81 84 82.414
81 85 79.851
81 86 76.459
81 87 84.163
81 88 46.478
81 89 68.517
81 90 26.017
81 91 64.397
81 92 36.089
81 93 80.891
81 94 74.976
81 95 7.843
81 96 77.613
81 97 7.843
81 98 12.364
81 99 46.57
82 83 73.234
82 84 17.658
82 85 91.799
82 86 30.395
82 87 38.504
82 88 30.288
82 89 88.349
82 90 3.933
82 91 46.829
82 92 37.438
82 93 76.378
82 94 90.33
82 95 63.477
82 96 14.463
82 97 83.205
82 98 88.942
82 99 77.778
83 84 43.908
83 85 60.651
83 86 40.362
83 87 23.455
83 88 71.84
83 89 78.144
83 90 11.389
83 91 55.653
83 92 35.458
83 93 98.913
83 94 13.93
83 95 42.214
83 96 58.931
83 97 1.161
83 98 2.092
83 99 53.369
84 85 88.299
84 86 77.219
84 87 97.397
84 88 20.504
84 89 14.041
84 90 34.49
84 91 63.433
84 92 87.533
84 93 55.667
84 94 41.721
84 95 20.797
84 96 53.049
84 97 47.772
84 98 41.194
84 99 34.214
85 86 80.797
85 87 76.87
85 88 49.143
85 89 21.397
85 90 57.928
85 91 37.149
85 92 30.08
85 93 66.385
85 94 64.507
85 95 95.293
85 96 60.978
85 97 54.029
85 98 66.204
85 99 37.556
86 87 22.006
86 88 74.653
86 89 84.427
86 90 23.41
86 91 14.11
86 92 68.293
86 93 44.792
86 94 85.326
86 95 5.474
86 96 25.858
86 97 42.773
86 98 36.639
86 99 76.512
87 88 2.224
87 89 52.972
87 90 79.467
87 91 55.448
87 92 62.841
87 93 33.843
87 94 22.977
87 95 70.803
87 96 41.036
87 97 0.478
87 98 33.917
87 99 77.844
88 89 81.473
88 90 82.289
88 91 42.052
88 92 7.373
88 93 35.324
88 94 94.482
88 95 23.528
88 96 3.476
88 97 13.17
88 98 82.762
88 99 93.39
89 90 60.176
89 91 80.764
89 92 98.9
89 93 87.188
89 94 85.619
89 95 93.1
89 96 93.989
89 97 45.437
89 98 14.931
89 99 99.714
90 91 43.071
90 92 82.777
90 93 71.582
90 94 93.973
90 95 34.49
90 96 13.237
90 97 81.76
90 98 71.928
90 99 8.907
91 92 80.302
91 93 39.169
91 94 39.009
91 95 98.314
91 96 73.689
91 97 86.32
91 98 65.503
91 99 2.708
92 93 75.315
92 94 88.818
92 95 36.98
92 96 75.704
92 97 69.315
92 98 29.644
92 99 68.415
93 94 43.607
93 95 72.465
93 96 81.991
93 97 62.606
93 98 96.286
93 99 83.702
94 95 78.755
94 96 33.18
94 97 25.228
94 98 27.581
94 99 46.275
95 96 67.75
95 97 81.034
95 98 62.321
95 99 27.269
96 97 57.812
96 98 0.415
96 99 76.731
97 98 25.94
97 99 90.961
98 99 14.234