30
0 1 47.516
0 2 46.893
0 3 94.121
0 4 25.817
0 5 45.677
0 6 96.057
0 7 97.354
0 8 42.249
0 9 87.428
0 10 76.769
0 11 96.184
0 12 23.299
0 13 91.432
0 14 16.841
0 15 90.14
0 16 83.093
0 17 17.188
0 18 34.03
0 19 82.252
0 20 63.712
0 21 24.961
0 22 96.716
0 23 66.752
0 24 47.003
0 25 74.648
0 26 49.999
0 27 76.947
0 28 65.039
0 29 89.77
1 2 91.937
1 3 28.901
1 4 36.223
1 5 14.663
1 6 58.026
1 7 54.079
1 8 39.839
1 9 99.235
1 10 65.645
1 11 93.632
1 12 74.147
1 13 48.941
1 14 96.341
1 15 53.469
1 16 93.649
1 17 4.562
1 18 7.003
1 19 2.122
1 20 80.017
1 21 19.221
1 22 4.883
1 23 98.899
1 24 41.315
1 25 88.506
1 26 39.128
1 27 21.543
1 28 97.831
1 29 44.542
2 3 7.838
2 4 54.154
2 5 70.74
2 6 18.435
2 7 32.134
2 8 60.573
2 9 10.059
2 10 53.54
2 11 21.135
2 12 41.399
2 13 26.75
2 14 99.623
2 15 10.209
2 16 77.555
2 17 94.44
2 18 63.059
2 19 0.643
2 20 89.558
2 21 79.462
2 22 12.462
2 23 69.87
2 24 0.079
2 25 32.491
2 26 10.355
2 27 53.204
2 28 41.994
2 29 40.103
3 4 32.26
3 5 56.855
3 6 70.844
3 7 36.512
3 8 34.768
3 9 56.446
3 10 33.561
3 11 62.079
3 12 0.142
3 13 15.047
3 14 32.05
3 15 58.879
3 16 13.282
3 17 73.04
3 18 15.088
3 19 68.804
3 20 2.997
3 21 99.884
3 22 42.934
3 23 65.781
3 24 18.406
3 25 49.653
3 26 7.581
3 27 17.269
3 28 36.779
3 29 89.593
4 5 3.078
4 6 69.746
4 7 73.831
4 8 97.077
4 9 8.643
4 10 35.305
4 11 61.942
4 12 13.679
4 13 79.75
4 14 73.563
4 15 64.769
4 16 38.37
4 17 14.034
4 18 22.337
4 19 87.814
4 20 28.793
4 21 12.84
4 22 47.482
4 23 56.698
4 24 68.895
4 25 71.479
4 26 42.602
4 27 18.453
4 28 33.914
4 29 16.324
5 6 53.814
5 7 46.191
5 8 59.329
5 9 6.389
5 10 71.611
5 11 31.498
5 12 33.968
5 13 15.107
5 14 7.4
5 15 72.194
5 16 81.628
5 17 6.166
5 18 71.449
5 19 54.302
5 20 74.962
5 21 25.751
5 22 12.5
5 23 88.968
5 24 71.158
5 25 36.306
5 26 45.98
5 27 3.395
5 28 18.199
5 29 65.62
6 7 50.237
6 8 9.944
6 9 15.344
6 10 60.603
6 11 16.426
6 12 98.369
6 13 90.846
6 14 17.894
6 15 35.699
6 16 49.967
6 17 32.841
6 18 58.887
6 19 12.208
6 20 27.793
6 21 51.421
6 22 25.796
6 23 31.403
6 24 69.196
6 25 43.95
6 26 80.711
6 27 25.106
6 28 77.843
6 29 20.474
7 8 16.418
7 9 78.915
7 10 62.27
7 11 37.499
7 12 56.209
7 13 63.71
7 14 87.495
7 15 3.413
7 16 69.996
7 17 8.537
7 18 74.719
7 19 38.088
7 20 78.585
7 21 0.406
7 22 84.034
7 23 91.432
7 24 61.186
7 25 95.696
7 26 12.37
7 27 95.217
7 28 53.731
7 29 0.882
8 9 76.222
8 10 1.421
8 11 27.784
8 12 37.578
8 13 15.236
8 14 79.609
8 15 91.475
8 16 61.424
8 17 7.591
8 18 92.136
8 19 92.429
8 20 19.829
8 21 53.14
8 22 35.918
8 23 90.214
8 24 64.054
8 25 31.001
8 26 4.5
8 27 47.803
8 28 85.166
8 29 26.389
9 10 18.961
9 11 87.181
9 12 15.308
9 13 25.149
9 14 59.552
9 15 63.675
9 16 19.03
9 17 39.238
9 18 83.136
9 19 85.877
9 20 99.071
9 21 45.538
9 22 5.953
9 23 43.441
9 24 51.004
9 25 40.35
9 26 12.092
9 27 4.837
9 28 99.733
9 29 43.839
10 11 40.842
10 12 41.282
10 13 49.039
10 14 78.906
10 15 79.551
10 16 12.348
10 17 54.194
10 18 94.051
10 19 76.633
10 20 33.009
10 21 38.988
10 22 68.149
10 23 27.362
10 24 21.135
10 25 19.063
10 26 4.792
10 27 10.4
10 28 49.832
10 29 34.569
11 12 89.567
11 13 59.901
11 14 49.381
11 15 30.326
11 16 82.199
11 17 63.805
11 18 40.995
11 19 62.389
11 20 83.523
11 21 13.077
11 22 56.917
11 23 88.507
11 24 84.044
11 25 90.759
11 26 0.855
11 27 82.992
11 28 45.776
11 29 71.033
12 13 57.256
12 14 96.137
12 15 25.371
12 16 89.722
12 17 48.353
12 18 34.123
12 19 42.495
12 20 73.283
12 21 95.486
12 22 32.61
12 23 83.086
12 24 93.945
12 25 14.354
12 26 15.528
12 27 5.642
12 28 26.257
12 29 41.225
13 14 7.771
13 15 62.893
13 16 24.537
13 17 40.476
13 18 3.493
13 19 72.65
13 20 70.878
13 21 5.737
13 22 82.927
13 23 20.368
13 24 88.76
13 25 35.376
13 26 62.124
13 27 93.643
13 28 95.503
13 29 92.368
14 15 92.598
14 16 29.279
14 17 66.769
14 18 11.8
14 19 11.165
14 20 46.456
14 21 97.313
14 22 97.27
14 23 61.112
14 24 22.471
14 25 52.447
14 26 54.54
14 27 33.041
14 28 39.782
14 29 86.124
15 16 82.962
15 17 50.398
15 18 4.092
15 19 52.012
15 20 19.25
15 21 7.725
15 22 40.796
15 23 50.635
15 24 22.723
15 25 2.138
15 26 7.615
15 27 69.068
15 28 69.328
15 29 0.845
16 17 63.913
16 18 60.666
16 19 73.056
16 20 57.172
16 21 66.734
16 22 65.852
16 23 52.81
16 24 44.476
16 25 26.631
16 26 60.316
16 27 86.439
16 28 0.658
16 29 75.345
17 18 58.193
17 19 17.943
17 20 19.338
17 21 45.723
17 22 90.652
17 23 14.692
17 24 10.838
17 25 99.945
17 26 56.899
17 27 87.366
17 28 47.491
17 29 93.586
18 19 76.197
18 20 1.999
18 21 44.989
18 22 89.655
18 23 71.93
18 24 96.646
18 25 81.236
18 26 77.902
18 27 41.728
18 28 57.326
18 29 89.23
19 20 88.508
19 21 29.469
19 22 2.361
19 23 88.094
19 24 98.038
19 25 53.202
19 26 83.153
19 27 33.138
19 28 74.022
19 29 73.095
20 21 12.661
20 22 65.844
20 23 41.901
20 24 94.004
20 25 28.107
20 26 27.755
20 27 10.448
20 28 12.156
20 29 38.531
21 22 86.603
21 23 99.132
21 24 2.815
21 25 58.353
21 26 65.66
21 27 43.542
21 28 47.33
21 29 6.102
22 23 43.883
22 24 90.949
22 25 37.446
22 26 1.314
22 27 96.864
22 28 14.367
22 29 17.287
23 24 44.631
23 25 58.389
23 26 95.9
23 27 57.595
23 28 90.14
23 29 34.523
24 25 65.036
24 26 81.455
24 27 20.926
24 28 46.212
24 29 74.319
25 26 73.021
25 27 18.207
25 28 90.243
25 29 12.293
26 27 91.422
26 28 93.32
26 29 65.879
27 28 96.438
27 29 8.144
28 29 74.305