50
0 1 36.171
0 2 47.254
0 3 43.031
0 4 50.728
0 5 41.925
0 6 91.093
0 7 34.0
0 8 96.456
0 9 58.446
0 10 78.273
0 11 23.272
0 12 31.916
0 13 75.87
0 14 40.254
0 15 50.353
0 16 92.187
0 17 58.009
0 18 65.394
0 19 46.788
0 20 36.852
0 21 24.688
0 22 24.448
0 23 19.617
0 24 93.206
0 25 67.101
0 26 50.437
0 27 23.521
0 28 39.409
0 29 11.244
0 30 55.039
0 31 95.623
0 32 28.889
0 33 29.483
0 34 60.073
0 35 24.029
0 36 6.47
0 37 95.311
0 38 83.841
0 39 42.333
0 40 90.2
0 41 3.659
0 42 22.934
0 43 24.386
0 44 1.05
0 45 77.668
0 46 73.67
0 47 90.665
0 48 72.493
0 49 93.234
1 2 42.564
1 3 4.824
1 4 58.638
1 5 1.891
1 6 18.954
1 7 99.651
1 8 82.554
1 9 56.29
1 10 44.5
1 11 28.312
1 12 85.872
1 13 27.274
1 14 83.226
1 15 72.636
1 16 45.08
1 17 47.211
1 18 48.515
1 19 16.528
1 20 40.073
1 21 75.438
1 22 80.128
1 23 83.343
1 24 69.093
1 25 83.431
1 26 84.695
1 27 28.889
1 28 72.7
1 29 66.652
1 30 47.786
1 31 39.679
1 32 18.193
1 33 21.777
1 34 30.475
1 35 86.351
1 36 28.168
1 37 69.321
1 38 68.549
1 39 49.233
1 40 63.418
1 41 64.71
1 42 89.07
1 43 60.418
1 44 39.166
1 45 6.133
1 46 60.302
1 47 47.289
1 48 68.371
1 49 75.496
2 3 57.409
2 4 50.521
2 5 4.259
2 6 14.892
2 7 71.818
2 8 21.188
2 9 56.383
2 10 12.226
2 11 50.997
2 12 68.785
2 13 80.786
2 14 27.592
2 15 88.83
2 16 50.209
2 17 63.055
2 18 56.459
2 19 57.581
2 20 38.934
2 21 60.485
2 22 83.174
2 23 69.851
2 24 0.228
2 25 93.18
2 26 39.431
2 27 41.855
2 28 16.073
2 29 41.595
2 30 66.038
2 31 70.343
2 32 57.154
2 33 33.899
2 34 91.068
2 35 90.279
2 36 67.35
2 37 11.342
2 38 59.621
2 39 41.341
2 40 22.689
2 41 54.755
2 42 12.627
2 43 49.293
2 44 0.401
2 45 25.052
2 46 85.588
2 47 72.318
2 48 47.998
2 49 78.265
3 4 2.658
3 5 84.057
3 6 2.257
3 7 75.456
3 8 55.644
3 9 79.529
3 10 37.343
3 11 53.374
3 12 24.993
3 13 96.89
3 14 51.127
3 15 40.864
3 16 44.263
3 17 32.162
3 18 12.792
3 19 35.014
3 20 46.861
3 21 2.412
3 22 6.79
3 23 53.173
3 24 34.794
3 25 95.409
3 26 6.557
3 27 0.548
3 28 70.925
3 29 15.734
3 30 18.93
3 31 13.175
3 32 40.627
3 33 51.123
3 34 84.355
3 35 18.724
3 36 39.077
3 37 88.682
3 38 46.751
3 39 6.726
3 40 35.269
3 41 8.698
3 42 26.685
3 43 16.481
3 44 94.751
3 45 69.575
3 46 14.249
3 47 25.597
3 48 38.485
3 49 23.171
4 5 87.755
4 6 48.332
4 7 63.964
4 8 87.253
4 9 99.689
4 10 50.018
4 11 94.748
4 12 50.9
4 13 6.49
4 14 84.4
4 15 48.817
4 16 65.467
4 17 83.262
4 18 67.808
4 19 25.341
4 20 71.644
4 21 42.084
4 22 68.667
4 23 71.356
4 24 65.469
4 25 86.814
4 26 29.066
4 27 9.979
4 28 70.193
4 29 20.116
4 30 47.835
4 31 3.639
4 32 42.407
4 33 84.429
4 34 49.298
4 35 88.349
4 36 27.32
4 37 43.751
4 38 92.099
4 39 68.552
4 40 66.859
4 41 72.808
4 42 55.184
4 43 76.231
4 44 21.588
4 45 94.782
4 46 69.738
4 47 30.099
4 48 27.286
4 49 17.46
5 6 12.276
5 7 64.449
5 8 7.288
5 9 90.595
5 10 59.746
5 11 15.728
5 12 45.984
5 13 59.475
5 14 27.342
5 15 32.034
5 16 5.4
5 17 29.118
5 18 79.475
5 19 2.422
5 20 24.461
5 21 35.213
5 22 58.966
5 23 76.023
5 24 1.202
5 25 78.269
5 26 96.744
5 27 87.799
5 28 22.892
5 29 63.548
5 30 75.276
5 31 13.912
5 32 16.979
5 33 21.619
5 34 13.998
5 35 37.891
5 36 82.801
5 37 16.737
5 38 57.519
5 39 84.427
5 40 70.481
5 41 74.891
5 42 45.263
5 43 3.485
5 44 55.506
5 45 63.221
5 46 38.377
5 47 77.244
5 48 46.435
5 49 12.214
6 7 80.197
6 8 90.819
6 9 9.241
6 10 76.486
6 11 49.006
6 12 51.001
6 13 96.007
6 14 82.115
6 15 60.354
6 16 85.388
6 17 88.367
6 18 49.277
6 19 15.864
6 20 75.539
6 21 86.815
6 22 97.971
6 23 96.484
6 24 68.572
6 25 41.939
6 26 65.211
6 27 76.404
6 28 31.293
6 29 57.187
6 30 1.824
6 31 39.965
6 32 29.502
6 33 21.986
6 34 99.788
6 35 12.451
6 36 48.676
6 37 60.081
6 38 55.767
6 39 56.535
6 40 65.347
6 41 16.629
6 42 51.735
6 43 76.991
6 44 62.857
6 45 8.606
6 46 32.579
6 47 73.467
6 48 63.351
6 49 25.581
7 8 20.059
7 9 63.084
7 10 84.368
7 11 37.04
7 12 96.196
7 13 55.055
7 14 72.494
7 15 23.747
7 16 26.775
7 17 77.932
7 18 40.194
7 19 47.753
7 20 43.61
7 21 39.346
7 22 87.634
7 23 12.827
7 24 55.872
7 25 14.541
7 26 61.32
7 27 88.934
7 28 27.356
7 29 10.82
7 30 57.001
7 31 0.259
7 32 15.428
7 33 45.859
7 34 88.28
7 35 18.365
7 36 61.953
7 37 49.839
7 38 35.871
7 39 61.037
7 40 10.807
7 41 38.165
7 42 28.317
7 43 10.326
7 44 74.802
7 45 3.956
7 46 24.858
7 47 24.16
7 48 34.864
7 49 32.566
8 9 59.595
8 10 82.168
8 11 0.594
8 12 50.136
8 13 67.552
8 14 90.17
8 15 53.754
8 16 77.018
8 17 45.415
8 18 49.821
8 19 72.059
8 20 10.136
8 21 97.327
8 22 43.41
8 23 46.209
8 24 41.661
8 25 58.499
8 26 82.509
8 27 74.897
8 28 0.879
8 29 59.501
8 30 6.136
8 31 99.822
8 32 19.843
8 33 67.707
8 34 48.963
8 35 17.838
8 36 73.468
8 37 48.068
8 38 86.612
8 39 33.801
8 40 84.377
8 41 92.614
8 42 84.863
8 43 72.863
8 44 28.424
8 45 30.799
8 46 78.881
8 47 52.203
8 48 85.897
8 49 46.481
9 10 80.256
9 11 11.73
9 12 39.54
9 13 74.617
9 14 75.948
9 15 55.144
9 16 2.302
9 17 72.943
9 18 98.611
9 19 48.334
9 20 20.755
9 21 68.755
9 22 17.057
9 23 44.358
9 24 37.989
9 25 4.327
9 26 23.041
9 27 88.933
9 28 66.873
9 29 18.769
9 30 96.352
9 31 48.64
9 32 62.683
9 33 73.211
9 34 28.053
9 35 50.487
9 36 98.814
9 37 73.985
9 38 77.522
9 39 76.767
9 40 2.307
9 41 3.987
9 42 29.962
9 43 21.873
9 44 78.782
9 45 34.531
9 46 13.792
9 47 7.229
9 48 49.679
9 49 38.612
10 11 60.536
10 12 96.351
10 13 39.421
10 14 84.417
10 15 51.291
10 16 37.593
10 17 55.777
10 18 30.507
10 19 62.334
10 20 67.802
10 21 36.123
10 22 48.455
10 23 18.403
10 24 80.922
10 25 35.223
10 26 79.122
10 27 73.627
10 28 46.735
10 29 60.728
10 30 63.132
10 31 55.886
10 32 96.353
10 33 82.805
10 34 72.479
10 35 93.442
10 36 81.453
10 37 19.087
10 38 38.791
10 39 91.537
10 40 69.042
10 41 59.735
10 42 58.374
10 43 51.673
10 44 54.972
10 45 98.702
10 46 22.765
10 47 58.43
10 48 84.474
10 49 37.664
11 12 85.311
11 13 64.13
11 14 48.533
11 15 92.856
11 16 76.368
11 17 47.274
11 18 11.57
11 19 8.799
11 20 24.794
11 21 31.336
11 22 60.578
11 23 62.83
11 24 64.446
11 25 79.401
11 26 96.692
11 27 59.413
11 28 9.16
11 29 56.589
11 30 80.428
11 31 17.637
11 32 70.401
11 33 5.403
11 34 52.561
11 35 26.93
11 36 25.882
11 37 67.007
11 38 56.277
11 39 42.712
11 40 79.014
11 41 82.949
11 42 92.47
11 43 91.658
11 44 16.746
11 45 0.634
11 46 26.002
11 47 13.507
11 48 52.649
11 49 69.165
12 13 49.913
12 14 47.246
12 15 69.269
12 16 99.31
12 17 67.512
12 18 16.921
12 19 96.324
12 20 73.67
12 21 17.682
12 22 27.03
12 23 59.638
12 24 72.476
12 25 32.372
12 26 20.584
12 27 94.8
12 28 35.302
12 29 64.249
12 30 12.525
12 31 40.396
12 32 29.115
12 33 84.771
12 34 27.575
12 35 74.212
12 36 1.039
12 37 57.76
12 38 73.625
12 39 75.998
12 40 73.569
12 41 11.774
12 42 73.426
12 43 86.601
12 44 82.58
12 45 75.613
12 46 0.796
12 47 31.075
12 48 55.366
12 49 69.351
13 14 5.65
13 15 65.691
13 16 97.66
13 17 90.23
13 18 28.104
13 19 76.459
13 20 43.714
13 21 99.318
13 22 1.948
13 23 49.543
13 24 11.601
13 25 19.109
13 26 18.408
13 27 85.601
13 28 30.053
13 29 80.601
13 30 65.412
13 31 80.176
13 32 6.36
13 33 65.791
13 34 68.85
13 35 29.353
13 36 81.355
13 37 79.537
13 38 6.811
13 39 65.983
13 40 3.561
13 41 38.826
13 42 53.732
13 43 77.049
13 44 13.664
13 45 82.658
13 46 86.245
13 47 35.227
13 48 43.995
13 49 9.502
14 15 45.007
14 16 41.783
14 17 55.5
14 18 43.039
14 19 66.626
14 20 19.615
14 21 32.775
14 22 62.688
14 23 91.715
14 24 23.213
14 25 45.622
14 26 46.68
14 27 2.496
14 28 17.37
14 29 52.389
14 30 73.45
14 31 85.953
14 32 31.77
14 33 18.887
14 34 50.601
14 35 77.668
14 36 28.989
14 37 52.895
14 38 16.649
14 39 52.063
14 40 93.485
14 41 49.228
14 42 8.039
14 43 48.851
14 44 91.693
14 45 74.744
14 46 65.526
14 47 63.189
14 48 68.323
14 49 48.163
15 16 57.258
15 17 4.664
15 18 8.112
15 19 21.649
15 20 94.607
15 21 6.643
15 22 41.048
15 23 66.52
15 24 50.629
15 25 63.602
15 26 48.184
15 27 51.634
15 28 48.975
15 29 9.148
15 30 54.102
15 31 55.886
15 32 55.348
15 33 9.102
15 34 6.062
15 35 36.794
15 36 94.885
15 37 53.646
15 38 37.058
15 39 41.176
15 40 72.073
15 41 59.166
15 42 45.052
15 43 51.973
15 44 91.923
15 45 12.767
15 46 79.793
15 47 45.001
15 48 76.005
15 49 62.786
16 17 96.29
16 18 65.823
16 19 43.456
16 20 94.509
16 21 94.988
16 22 94.578
16 23 61.938
16 24 32.106
16 25 69.52
16 26 3.453
16 27 76.237
16 28 54.919
16 29 40.25
16 30 44.708
16 31 62.504
16 32 70.347
16 33 72.189
16 34 35.144
16 35 16.752
16 36 20.783
16 37 22.777
16 38 97.08
16 39 13.529
16 40 26.597
16 41 5.363
16 42 61.059
16 43 64.491
16 44 94.722
16 45 48.517
16 46 8.463
16 47 91.934
16 48 88.064
16 49 52.4
17 18 30.527
17 19 66.921
17 20 43.499
17 21 91.36
17 22 24.656
17 23 31.606
17 24 91.069
17 25 65.626
17 26 73.843
17 27 56.795
17 28 27.382
17 29 78.33
17 30 20.404
17 31 63.544
17 32 50.257
17 33 8.07
17 34 80.825
17 35 94.355
17 36 66.699
17 37 24.279
17 38 71.76
17 39 95.815
17 40 40.893
17 41 40.11
17 42 68.341
17 43 55.498
17 44 63.065
17 45 10.487
17 46 59.032
17 47 67.204
17 48 13.261
17 49 35.472
18 19 29.779
18 20 24.805
18 21 23.282
18 22 39.311
18 23 85.757
18 24 99.895
18 25 10.856
18 26 44.72
18 27 54.021
18 28 94.321
18 29 30.211
18 30 92.227
18 31 44.971
18 32 67.691
18 33 55.091
18 34 71.214
18 35 28.851
18 36 70.849
18 37 91.713
18 38 79.838
18 39 41.446
18 40 0.275
18 41 20.696
18 42 13.693
18 43 12.108
18 44 50.477
18 45 67.949
18 46 61.224
18 47 99.815
18 48 9.468
18 49 62.796
19 20 22.054
19 21 65.273
19 22 28.287
19 23 69.254
19 24 54.911
19 25 62.719
19 26 6.659
19 27 80.766
19 28 25.679
19 29 80.575
19 30 11.737
19 31 64.701
19 32 84.308
19 33 21.314
19 34 81.771
19 35 36.199
19 36 83.469
19 37 94.57
19 38 12.66
19 39 62.441
19 40 65.454
19 41 52.831
19 42 47.858
19 43 53.577
19 44 25.809
19 45 58.411
19 46 24.763
19 47 72.423
19 48 89.117
19 49 13.812
20 21 8.876
20 22 4.554
20 23 70.18
20 24 49.278
20 25 7.3
20 26 28.275
20 27 48.829
20 28 62.89
20 29 93.921
20 30 76.048
20 31 23.82
20 32 19.368
20 33 66.408
20 34 60.64
20 35 53.677
20 36 99.016
20 37 92.883
20 38 56.682
20 39 16.293
20 40 34.749
20 41 49.639
20 42 68.759
20 43 14.613
20 44 76.426
20 45 34.68
20 46 60.792
20 47 49.277
20 48 83.816
20 49 68.528
21 22 29.054
21 23 94.794
21 24 49.974
21 25 56.626
21 26 71.092
21 27 21.678
21 28 69.228
21 29 38.798
21 30 55.612
21 31 88.864
21 32 29.1
21 33 18.716
21 34 88.296
21 35 41.533
21 36 12.602
21 37 77.368
21 38 49.21
21 39 73.282
21 40 63.768
21 41 74.361
21 42 95.53
21 43 78.551
21 44 39.104
21 45 71.489
21 46 25.238
21 47 30.751
21 48 72.859
21 49 34.225
22 23 14.636
22 24 80.459
22 25 64.922
22 26 48.069
22 27 29.973
22 28 93.672
22 29 49.243
22 30 6.225
22 31 80.424
22 32 4.726
22 33 37.698
22 34 18.719
22 35 18.552
22 36 55.707
22 37 12.651
22 38 7.404
22 39 65.544
22 40 63.073
22 41 91.11
22 42 82.36
22 43 39.049
22 44 40.877
22 45 52.165
22 46 52.972
22 47 90.255
22 48 61.719
22 49 87.506
23 24 39.189
23 25 50.886
23 26 16.521
23 27 25.886
23 28 4.856
23 29 75.758
23 30 73.066
23 31 28.822
23 32 5.026
23 33 11.251
23 34 25.767
23 35 78.222
23 36 48.369
23 37 34.069
23 38 27.564
23 39 30.471
23 40 76.604
23 41 46.245
23 42 16.351
23 43 75.514
23 44 14.137
23 45 52.26
23 46 79.525
23 47 16.539
23 48 39.936
23 49 54.809
24 25 80.514
24 26 84.72
24 27 43.663
24 28 42.741
24 29 39.247
24 30 68.083
24 31 21.447
24 32 45.239
24 33 76.063
24 34 35.881
24 35 10.953
24 36 59.633
24 37 13.562
24 38 33.102
24 39 70.616
24 40 20.369
24 41 5.943
24 42 56.794
24 43 7.983
24 44 62.87
24 45 10.794
24 46 43.249
24 47 1.287
24 48 27.656
24 49 84.498
25 26 64.805
25 27 87.799
25 28 3.951
25 29 53.193
25 30 46.014
25 31 51.205
25 32 60.285
25 33 77.275
25 34 27.016
25 35 39.967
25 36 76.364
25 37 57.431
25 38 97.139
25 39 11.073
25 40 57.175
25 41 48.033
25 42 70.903
25 43 14.966
25 44 70.862
25 45 86.54
25 46 24.297
25 47 47.056
25 48 94.73
25 49 21.047
26 27 50.519
26 28 50.22
26 29 51.678
26 30 83.7
26 31 42.091
26 32 13.771
26 33 24.306
26 34 50.599
26 35 72.04
26 36 95.719
26 37 56.714
26 38 94.306
26 39 25.991
26 40 99.255
26 41 84.89
26 42 99.499
26 43 30.772
26 44 80.063
26 45 28.195
26 46 99.941
26 47 76.325
26 48 31.937
26 49 89.354
27 28 42.6
27 29 72.537
27 30 37.735
27 31 34.379
27 32 22.092
27 33 66.02
27 34 63.182
27 35 1.156
27 36 33.785
27 37 36.498
27 38 99.438
27 39 3.98
27 40 16.445
27 41 13.311
27 42 38.937
27 43 70.329
27 44 76.896
27 45 91.537
27 46 93.924
27 47 57.993
27 48 84.487
27 49 7.952
28 29 6.271
28 30 52.018
28 31 18.403
28 32 6.149
28 33 91.547
28 34 34.802
28 35 41.936
28 36 12.573
28 37 45.992
28 38 27.843
28 39 80.202
28 40 19.228
28 41 68.007
28 42 39.239
28 43 40.588
28 44 77.014
28 45 10.99
28 46 94.468
28 47 30.69
28 48 85.973
28 49 29.322
29 30 14.288
29 31 42.001
29 32 11.211
29 33 13.061
29 34 74.947
29 35 65.696
29 36 16.837
29 37 63.432
29 38 9.857
29 39 34.696
29 40 10.596
29 41 93.379
29 42 24.238
29 43 38.917
29 44 98.771
29 45 48.46
29 46 33.549
29 47 25.079
29 48 28.271
29 49 94.159
30 31 0.594
30 32 0.621
30 33 49.989
30 34 44.873
30 35 48.752
30 36 4.07
30 37 76.634
30 38 61.037
30 39 97.631
30 40 71.979
30 41 58.291
30 42 5.479
30 43 17.582
30 44 65.191
30 45 6.596
30 46 23.919
30 47 76.964
30 48 72.068
30 49 0.134
31 32 36.446
31 33 42.276
31 34 74.92
31 35 58.181
31 36 1.022
31 37 50.321
31 38 33.859
31 39 69.033
31 40 76.387
31 41 90.276
31 42 72.387
31 43 7.379
31 44 90.683
31 45 68.501
31 46 91.337
31 47 67.575
31 48 15.019
31 49 97.113
32 33 15.537
32 34 30.737
32 35 7.6
32 36 80.722
32 37 41.318
32 38 8.57
32 39 13.361
32 40 46.012
32 41 78.618
32 42 47.768
32 43 2.135
32 44 43.866
32 45 26.642
32 46 21.662
32 47 46.037
32 48 10.297
32 49 78.916
33 34 80.793
33 35 96.024
33 36 98.224
33 37 93.225
33 38 55.209
33 39 2.123
33 40 64.954
33 41 20.422
33 42 38.881
33 43 5.382
33 44 31.061
33 45 80.926
33 46 24.837
33 47 14.671
33 48 6.291
33 49 21.472
34 35 64.474
34 36 61.682
34 37 59.266
34 38 74.975
34 39 61.538
34 40 2.811
34 41 94.793
34 42 87.944
34 43 27.876
34 44 74.541
34 45 34.365
34 46 83.22
34 47 16.61
34 48 23.694
34 49 54.775
35 36 17.87
35 37 75.564
35 38 57.333
35 39 24.155
35 40 12.57
35 41 17.052
35 42 70.655
35 43 31.26
35 44 80.564
35 45 45.52
35 46 75.516
35 47 21.583
35 48 88.954
35 49 44.514
36 37 0.202
36 38 30.459
36 39 91.878
36 40 1.559
36 41 6.112
36 42 58.046
36 43 64.201
36 44 20.084
36 45 0.31
36 46 29.266
36 47 85.495
36 48 37.75
36 49 93.041
37 38 4.003
37 39 50.645
37 40 36.477
37 41 12.714
37 42 44.737
37 43 89.34
37 44 28.955
37 45 17.99
37 46 31.955
37 47 52.876
37 48 98.36
37 49 21.535
38 39 35.789
38 40 97.959
38 41 20.175
38 42 62.977
38 43 26.499
38 44 86.075
38 45 45.743
38 46 29.019
38 47 9.225
38 48 44.257
38 49 63.186
39 40 81.598
39 41 70.987
39 42 32.511
39 43 73.025
39 44 66.705
39 45 83.234
39 46 41.14
39 47 27.532
39 48 28.8
39 49 0.202
40 41 59.753
40 42 46.439
40 43 31.106
40 44 1.145
40 45 61.23
40 46 23.872
40 47 64.383
40 48 92.744
40 49 88.956
41 42 99.516
41 43 32.55
41 44 40.715
41 45 80.819
41 46 60.85
41 47 52.578
41 48 90.435
41 49 86.861
42 43 97.118
42 44 82.441
42 45 73.087
42 46 14.262
42 47 95.882
42 48 87.259
42 49 69.319
43 44 96.036
43 45 38.307
43 46 96.373
43 47 9.096
43 48 77.415
43 49 33.48
44 45 38.572
44 46 78.448
44 47 56.275
44 48 25.32
44 49 73.411
45 46 31.314
45 47 3.329
45 48 7.616
45 49 36.875
46 47 93.61
46 48 70.962
46 49 99.916
47 48 0.529
47 49 62.76
48 49 10.699